1.345663548219720724e+04 3.155000000000000000e+03
1.608594095764251142e+04 7.240000000000000000e+02
1.631791662591356362e+04 2.534000000000000000e+03
1.625833553804008625e+04 2.422000000000000000e+03
6.353004183100190858e+03 3.134000000000000000e+03
1.740234121727196907e+04 2.087000000000000000e+03
1.690306599060544249e+04 1.526000000000000000e+03
1.582589879125839798e+04 2.058000000000000000e+03
1.447886432585613329e+04 9.740000000000000000e+02
1.410584731886139525e+04 1.008100000000000000e+04
1.413703664241948354e+04 2.521000000000000000e+03
9.650971262878047128e+03 1.178000000000000000e+03
1.636275478599705639e+04 2.172000000000000000e+03
1.581321199726827945e+04 1.479900000000000000e+04
1.416186092824610932e+04 1.129000000000000000e+03
1.641766446540402467e+04 2.375000000000000000e+03
1.733243535986699135e+04 1.502200000000000000e+04
1.661689704254644312e+04 2.656000000000000000e+03
1.632543564399983006e+04 1.569200000000000000e+04
1.496794220744077029e+04 2.696000000000000000e+03
1.615236286894648765e+04 1.758000000000000000e+03
1.111167452157574189e+04 1.442100000000000000e+04
1.380568313124848646e+04 6.780000000000000000e+02
1.634052455463501428e+04 1.473000000000000000e+03
1.596574815036424297e+04 2.554000000000000000e+03
1.508639940041255431e+04 2.917000000000000000e+03
1.225401356276472325e+04 2.271000000000000000e+03
1.611855380089798200e+04 2.256000000000000000e+03
1.164143048638517939e+04 9.550000000000000000e+02
1.341392977526386130e+04 9.360000000000000000e+02
1.027007340290319189e+04 2.293000000000000000e+03
1.609820469350391977e+04 1.793000000000000000e+03
1.538971359690798454e+04 3.460000000000000000e+02
1.308778673521236487e+04 2.030000000000000000e+02
1.575992285518472090e+04 1.970000000000000000e+03
1.667600491438864628e+04 2.700000000000000000e+01
1.273940731365125066e+04 1.282000000000000000e+03
1.639498907663574573e+04 3.940000000000000000e+02
1.431079067485629821e+04 1.475200000000000000e+04
1.280899264454166587e+04 1.875000000000000000e+03
1.636845974583145471e+04 1.577500000000000000e+04
1.587307361421763744e+04 1.532100000000000000e+04
1.454621606182729920e+04 3.094000000000000000e+03
1.442225841712080000e+04 1.150000000000000000e+03
1.468118974510968110e+04 2.434000000000000000e+03
1.598043217925411045e+04 1.023600000000000000e+04
1.504407287576466661e+04 1.497000000000000000e+03
1.573916908759462967e+04 1.960000000000000000e+03
1.537250461367483877e+04 2.939000000000000000e+03
1.553793578829496801e+04 2.276000000000000000e+03
1.536174430341545303e+04 2.440000000000000000e+02
1.405094092854349401e+04 1.900000000000000000e+01
1.546268472897542779e+04 1.131000000000000000e+03
1.462732810313793379e+04 1.251000000000000000e+03
1.536559929793739866e+04 8.770000000000000000e+02
1.298200787202667561e+04 5.650000000000000000e+02
1.328761092259834550e+04 5.370000000000000000e+02
1.810414428265608149e+04 7.190000000000000000e+02
1.619074698226280634e+04 1.511500000000000000e+04
1.659784604750035942e+04 1.248300000000000000e+04
1.598800610577500265e+04 1.551800000000000000e+04
1.611165553251945857e+04 2.475000000000000000e+03
1.450616546349601231e+04 2.626000000000000000e+03
1.169511021827767945e+04 2.976000000000000000e+03
1.275926402171819973e+04 7.800000000000000000e+01
1.630511082562453157e+04 2.564000000000000000e+03
1.557095137779445758e+04 9.260000000000000000e+02
1.279997502983731283e+04 3.074000000000000000e+03
1.616305061117091645e+04 1.460400000000000000e+04
1.676436804330325685e+04 2.950000000000000000e+02
1.518529226933075552e+04 1.536600000000000000e+04
1.270026444928001001e+04 1.512300000000000000e+04
1.644671003114074119e+04 2.589000000000000000e+03
1.656789476451587325e+04 1.550000000000000000e+02
1.367289753692874729e+04 3.170000000000000000e+02
1.647909067302427138e+04 2.814000000000000000e+03
1.664245610764111552e+04 1.383000000000000000e+03
1.556650353965698559e+04 1.640000000000000000e+02
1.745312127548656281e+04 8.953000000000000000e+03
1.489332211115137034e+04 2.764000000000000000e+03
1.330945360836991495e+04 2.879000000000000000e+03
1.613753009177135209e+04 9.040000000000000000e+02
1.302306909888280825e+04 1.345000000000000000e+03
1.636732513333957831e+04 3.650000000000000000e+02
1.628035155614263931e+04 1.624000000000000000e+03
1.142826434937277372e+04 2.802000000000000000e+03
1.673798943446350313e+04 1.973000000000000000e+03
1.533639937441544498e+04 6.290000000000000000e+02
1.485103774567896471e+04 3.192000000000000000e+03
1.398219444874403780e+04 1.529400000000000000e+04
1.612263614858777692e+04 1.504000000000000000e+03
1.512533098674167741e+04 2.547000000000000000e+03
1.610556497769482303e+04 2.831000000000000000e+03
1.662952619862202482e+04 1.461000000000000000e+03
1.605021236632329965e+04 2.907000000000000000e+03
1.663361442607313074e+04 5.800000000000000000e+01
1.663331687910951587e+04 1.034000000000000000e+03
1.589111709938635977e+04 1.365000000000000000e+03
1.607228184803965269e+04 1.454800000000000000e+04
1.196852676708824765e+04 8.510000000000000000e+02
