4.603609410607215763e-02 4.603380650541993163e-02 3.105677701858913439e-02 2.955088501651402175e-02 2.851220089951016590e+01 1.915516861118850400e+01 1.017080599521651862e+01 6.967368870002880854e+00
4.701962403823982395e-02 4.706284142549789495e-02 2.776849599720392428e-02 2.265767019613912706e-02 3.604541125656971445e+01 2.708526950544358769e+01 2.625378791347709129e+00 1.694135760998326301e+00
3.149947231777185108e-02 3.187142782246588785e-02 4.694750307751026364e-02 4.698060661333805510e-02 8.272415168512324612e+00 3.210593334803142795e+00 3.013498085265414161e+01 2.619733401864099420e+01
3.169711778148575493e-02 3.054193936845788632e-02 4.684716331736355627e-02 4.685276218063161996e-02 5.233364423853089420e+00 6.038978084041361605e+00 3.325688981752915652e+01 2.924237202328636798e+01
3.157965525808478086e-02 3.010463196350886619e-02 4.702912805018478332e-02 4.696028797202701777e-02 9.797382075057806006e+00 1.510102330080495436e+00 2.885863883493015436e+01 2.503079137766780704e+01
3.134791494313124427e-02 3.264259271120339978e-02 4.713237290879494085e-02 4.710636548788522948e-02 9.875339994029387114e+00 1.326070811051970111e+01 3.516976835652945255e+01 3.090272721543855639e+01
3.834786500028161682e-02 3.811572346025661473e-02 4.230531950972087063e-02 4.268003433668041136e-02 1.635203058980641799e+01 1.011501259344110260e+01 2.306010114993422278e+01 1.884477514503336337e+01
4.714327481553798327e-02 4.714195254008655966e-02 2.549145840108067024e-02 2.577629748685082017e-02 4.267926158837266826e+01 3.341079076073066290e+01 4.423144448348670821e+00 8.710735939440176878e+00
4.712489333958529147e-02 4.726611007194322228e-02 2.575296595279185849e-02 2.620808408268958042e-02 3.938105666496142021e+01 2.976421901442321527e+01 5.163708026822321884e+00 8.143250272336867823e+00
3.202198874153638908e-02 3.351553493126804145e-02 4.677959349466633693e-02 4.687118412347580226e-02 1.358954390902118448e+01 9.975195568187055883e+00 2.698214818314324503e+01 2.273281325196659353e+01
4.712367360735022354e-02 4.729595209256220317e-02 2.515775712935192435e-02 2.719296076387885813e-02 4.080584668538480742e+01 3.140431701981117740e+01 3.485351142459225837e+00 7.574359838656736343e+00
4.711252223153703650e-02 4.708163518367877026e-02 2.544086748360659123e-02 2.547910468764995676e-02 3.924963753203730477e+01 3.036627820299952063e+01 2.210705738718504065e+00 4.835593577375807861e+00
3.205098125336600101e-02 2.958049247223741574e-02 4.681457250702732859e-02 4.680935432453568745e-02 7.650344841059676604e+00 2.448211713208315654e+00 3.168711124630105047e+01 2.793435468115397313e+01
4.688832673595220296e-02 4.688314540129135538e-02 2.921698352047318037e-02 2.719895297813762491e-02 2.951501146897454220e+01 2.122399040678455506e+01 9.916363813667000926e+00 5.620081068106563826e+00
3.251896056596990936e-02 3.295099951770056462e-02 4.692659850102916946e-02 4.704998657444929566e-02 1.004014862405054487e+01 1.575018917072229208e+01 4.481899674285640600e+01 4.123061812192082698e+01
4.704832780865968872e-02 4.721173800633467893e-02 2.137334050147303779e-02 2.430680189227701904e-02 3.675366913114213929e+01 2.744505007507703453e+01 2.348564561994535005e+00 3.957863567257954074e+00
3.070202640681316333e-02 3.344723024668191241e-02 4.697243383215179979e-02 4.707747600725681325e-02 4.022197210388062771e+00 8.890019084670006677e+00 3.556218679500364033e+01 3.147012913410311086e+01
3.180493721713432281e-02 3.214992184270546588e-02 4.698171342824586372e-02 4.689530781147220606e-02 4.878191812652143078e+00 7.882798706962944379e+00 3.714555973684024792e+01 3.342476781715495804e+01
4.722226304780201972e-02 4.731493190242391095e-02 2.595495771983861652e-02 2.687078725593914502e-02 4.427344372681857720e+01 3.451941496655747699e+01 9.491466701628979763e+00 1.321739792535999491e+01
4.685812447120521473e-02 4.693772136279196483e-02 2.898961267291508270e-02 2.711821670529104833e-02 3.254073122297688769e+01 2.432114828193839884e+01 7.955869882522724090e+00 4.054121598815526362e+00
4.680042678211926432e-02 4.688086907424013350e-02 2.525390929678309609e-02 2.222790352576890088e-02 3.777927824755850139e+01 2.884181391385983062e+01 1.616304986877677319e+00 3.364632006841959289e+00
4.720869750490420264e-02 4.722128683716535907e-02 2.621380514198649522e-02 2.628022790126770605e-02 4.013285363547182527e+01 3.031913614520900069e+01 8.528157556406142703e+00 1.114807273427483025e+01
4.704335019637297804e-02 4.716837489740745987e-02 2.883154472355536208e-02 2.614577641580015377e-02 4.111515769929006581e+01 3.322081792329446159e+01 9.262025709154125153e+00 9.464214717214789019e+00
4.518470084951210081e-02 4.515249862520741980e-02 3.065240075495144143e-02 3.055552162535032923e-02 2.537516495190118704e+01 1.611662158706700509e+01 1.315001391547621168e+01 9.557669001019885258e+00
3.282863257024790787e-02 3.206388022204191557e-02 4.707988920486776835e-02 4.696702886975348545e-02 1.126468551622032166e+01 1.035317719457007435e+01 3.774681044585426548e+01 3.447050474817356047e+01
3.286232965222796870e-02 3.211760217565554770e-02 4.699385670791730862e-02 4.693249862682400547e-02 1.024468300113785268e+01 1.042047708977476894e+01 3.839517296662830148e+01 3.503449351081339103e+01
2.758687981588898303e-02 3.223853583310641591e-02 4.700573366400245118e-02 4.705703108925586575e-02 1.306194732700740824e+00 1.099369017757608091e+01 3.908867492705916646e+01 3.506708245256719891e+01
3.235508353009947796e-02 2.863350857988414266e-02 4.697916106993761665e-02 4.686823038164030647e-02 1.037038646736546532e+01 1.980650055952647870e+00 3.000043921244690637e+01 2.643021789860645043e+01
4.723817959948394679e-02 4.725267384169889312e-02 2.511642563656816401e-02 2.635601351207467538e-02 3.974281308808117785e+01 3.088529715782698304e+01 2.649900920988108144e+00 5.343647469963177521e+00
4.697986163037320972e-02 4.711948154217306117e-02 2.903024249436557055e-02 2.620305964497997298e-02 4.327366362252460874e+01 3.524731907919534279e+01 9.743832404217240395e+00 1.083545344246795139e+01
4.717656909670513848e-02 4.723845044977045132e-02 2.431350567683799105e-02 2.647315256550004936e-02 3.402636197750850755e+01 2.470356737109336365e+01 4.764901114068119448e+00 3.371127295864616347e+00
3.211795353111037560e-02 3.299388405505825766e-02 4.663870456050013547e-02 4.677175941135152532e-02 1.500719040458943532e+01 1.068546639680244859e+01 2.560926825676250473e+01 2.134608006030319416e+01
3.225140936573409750e-02 3.063419749702123510e-02 4.711138177217537998e-02 4.712430162955110607e-02 5.412293101089233893e+00 5.828363272968979381e+00 3.509484475536402925e+01 3.135995944936242807e+01
4.732512097543420393e-02 4.736042989603967551e-02 2.671204309162906326e-02 2.706229007466127989e-02 4.366422239119682303e+01 3.402554651266770946e+01 7.623173217323317985e+00 1.157200621769509397e+01
3.077724705926276547e-02 3.223084895114972093e-02 4.680972918688418305e-02 4.689974064257208808e-02 5.010032653811825831e+00 1.137378273180071986e+01 4.063941378171926289e+01 3.688711842990279877e+01
4.726862031496956162e-02 4.736017472615566132e-02 2.621250604967213099e-02 2.677390793979780859e-02 3.974637367949165423e+01 2.991862418983065552e+01 8.728719182117878006e+00 1.117497733312324826e+01
3.023587149281209766e-02 3.261092480064343990e-02 4.696324393287699267e-02 4.695859479427602623e-02 4.287230238936885485e+00 1.271244052404057356e+01 4.183858184577451311e+01 3.798042246068283134e+01
4.660333629065433608e-02 4.669661833681900548e-02 2.912877393143581406e-02 2.898710997172747328e-02 2.850868347540420444e+01 2.041562680642556771e+01 1.116812274567387320e+01 6.874311827137062458e+00
3.213430388006101313e-02 3.195237994574846863e-02 4.670319712295359360e-02 4.670597875747933142e-02 1.162581914766351510e+01 6.624896390470223828e+00 2.729302814064480742e+01 2.316888824225161869e+01
4.698585115731871570e-02 4.707534840140208121e-02 2.729800959982114222e-02 1.860664800405102681e-02 3.641238642853420515e+01 2.755689402607408311e+01 2.799039426040148548e+00 2.009187717816153462e+00
2.944924272808641802e-02 3.319290571917777460e-02 4.727324425821774478e-02 4.726707863080085309e-02 8.399608635218104524e+00 1.740463050953840352e+01 4.353048993460179616e+01 3.933296915839729735e+01
3.257155327203915818e-02 3.089231496812635744e-02 4.697649501293193336e-02 4.691494856526104429e-02 1.006028308150491313e+01 5.820948289654558572e+00 3.349071298111440598e+01 3.008345150682071889e+01
4.398279158167086450e-02 4.380021903867574451e-02 3.580789092515712646e-02 3.573149480481442597e-02 2.164191227716794330e+01 1.205276531420543762e+01 1.733680313783997917e+01 1.389460412357431274e+01
3.331037405723315248e-02 2.997662607716095745e-02 4.645285598788406051e-02 4.648566569179597707e-02 1.308533281610984922e+01 4.564802779069288441e+00 2.901201202986444727e+01 2.570449797093476363e+01
3.209494920446596955e-02 3.045638330162964841e-02 4.684184379349790733e-02 4.685191398227447207e-02 7.319414518179255147e+00 4.852339058111933667e+00 3.392415357099017825e+01 3.029476596433251956e+01
3.735910906685523808e-02 3.734709279768615858e-02 4.288873414877019535e-02 4.297252035935832104e-02 1.568602306108631517e+01 7.061095500902101918e+00 2.271527897297582754e+01 1.880088833720700237e+01
3.321656990979303392e-02 3.174919679618556922e-02 4.696952148661938387e-02 4.696134161757706260e-02 1.164676512228042604e+01 1.171176577968994259e+01 3.920838272733629992e+01 3.593977258170694000e+01
2.969090422500208007e-02 3.161684305208330853e-02 4.711551195195225888e-02 4.700414617410107049e-02 5.085375690923807035e+00 8.437849464177187286e+00 3.452079504428829182e+01 3.041135780211202544e+01
3.133336993482416233e-02 3.094459099698619597e-02 4.691776356541729753e-02 4.698718246459007014e-02 5.065026480485597560e+00 6.318728233099951019e+00 3.347198452800307678e+01 2.944841612813433329e+01
4.631362854843885241e-02 4.639788994561835911e-02 3.043719985068761569e-02 2.985836978467248937e-02 2.887758213832728416e+01 2.004268348030246472e+01 9.599022004165473021e+00 5.549173729277939060e+00
3.232313311345375029e-02 3.063486085515506815e-02 4.686149353885767782e-02 4.681042980408130910e-02 9.633160865671403172e+00 4.902780784562994043e+00 3.291138854007110837e+01 2.944526986406558322e+01
3.093620674149183403e-02 3.230167960215152290e-02 4.699268491635089084e-02 4.689343722265897074e-02 3.938266837109075436e+00 1.120591864965757445e+01 4.041898598895331673e+01 3.660759931417117485e+01
4.714174489276928143e-02 4.713561890789712966e-02 2.675666246279919877e-02 2.587534739719408311e-02 4.212255862925861294e+01 3.288564080670814604e+01 3.814432627166812306e+00 8.092446842803184381e+00
3.238807016262668786e-02 3.413141484059535602e-02 4.623878927424851515e-02 4.637683748353011587e-02 1.270182657739018417e+01 8.887314530899471876e+00 2.727928362012121966e+01 2.306191651533024256e+01
3.007506798568431589e-02 3.195091332491789560e-02 4.690285572194673180e-02 4.696460287805218764e-02 1.047015485489720898e+00 1.039025187874830358e+01 3.911455874199543814e+01 3.517542469862597443e+01
4.685446162353035238e-02 4.688966019061097806e-02 2.890547758002664017e-02 2.706848184382297517e-02 3.000992110006331259e+01 2.149436596982107517e+01 9.007102088296486286e+00 4.714620718237375385e+00
4.713343306604198674e-02 4.723998667621848863e-02 2.608843780961845465e-02 2.735826718175078665e-02 3.893478391392115157e+01 2.927422130232325159e+01 5.683195188146935806e+00 8.333716183090292162e+00
3.258180499670822183e-02 2.928037601508328910e-02 4.676389950285145258e-02 4.679809659220451196e-02 1.202224218899187846e+01 5.963561351325701310e+00 3.198514538835249610e+01 2.871402395250825634e+01
3.183720043547767775e-02 2.987958777270199873e-02 4.699855505053943810e-02 4.696883849244366804e-02 1.039384523717632547e+01 4.018566644703984281e+00 3.157657669465652006e+01 2.812193324706391806e+01
4.591888893765005281e-02 4.587686330375437965e-02 3.159840776619499136e-02 3.076343156640625950e-02 2.892099118449160855e+01 1.908535255086669835e+01 1.225798998870435597e+01 1.036047925802394865e+01
3.243793925494269786e-02 3.149258438598815518e-02 4.694104099159399079e-02 4.686232230201016480e-02 6.832075069942774803e+00 8.945321608342894137e+00 3.797569020629969572e+01 3.438120356357300267e+01
4.546411331948098378e-02 4.518928030937142265e-02 3.070267987773026008e-02 3.022514116271966117e-02 2.632365607549521513e+01 1.735276319283058299e+01 1.207149311239075828e+01 8.196558058765777588e+00
3.227509531603935111e-02 3.205097333953015049e-02 4.675372918980374298e-02 4.681248334177752490e-02 1.154879553301938344e+01 8.074894540587697733e+00 2.814342649374155414e+01 2.395313657259295326e+01
4.396914959360412323e-02 4.386829844929935468e-02 3.557362594807561562e-02 3.501741170112950691e-02 2.181642217072199941e+01 1.232707792332261221e+01 1.698288273493432499e+01 1.346130992084801470e+01
4.682637638958817017e-02 4.695523456591039341e-02 2.013855461275118608e-02 2.295892242142430831e-02 3.602119620930395882e+01 2.704500473056940280e+01 2.594984577247685387e+00 1.708030335717138692e+00
2.981942540118238949e-02 3.323140258429310712e-02 4.718101571222121926e-02 4.713191980159506939e-02 7.280575242715391582e+00 1.561263458708372376e+01 4.136587102224403623e+01 3.716481652317540352e+01
3.186031318415201430e-02 2.966913431258202602e-02 4.691037620310450212e-02 4.679861648155732995e-02 7.288628066634929681e+00 2.852191230902071162e+00 3.208909883195856594e+01 2.833238398548724390e+01
3.206424537619430304e-02 3.315147994740566539e-02 4.682408112239509757e-02 4.690555615500960340e-02 8.640691416373440958e+00 1.387120916337516086e+01 4.295435189984683433e+01 3.935588718368500594e+01
4.707815654363416147e-02 4.716349474983095452e-02 2.830742887669290483e-02 2.541127250799816994e-02 4.253391788281027885e+01 3.431450254685082513e+01 8.206957780212830400e+00 9.521780338071193839e+00
4.677078513057635750e-02 4.674984707265004286e-02 2.872909064562238074e-02 2.753869433586266652e-02 3.210566690637111975e+01 2.326685814978853273e+01 6.495702901052005984e+00 2.316142268036065044e+00
2.818420879212627309e-02 3.209894459091870017e-02 4.694909762599704800e-02 4.693965681900528347e-02 2.359210975899054041e+00 7.583827332596217552e+00 3.621574038583401745e+01 3.228855277130992363e+01
3.231790120154592882e-02 3.113401393138622714e-02 4.697469007532404511e-02 4.695295843004098496e-02 8.060937937738337666e+00 6.112080549417363784e+00 3.481540055629109531e+01 3.127668432013028621e+01
3.262936410117144026e-02 3.188879944460415450e-02 4.695104254647276820e-02 4.687986999888755363e-02 1.123708499199141109e+01 8.317567364579725009e+00 3.533661118567643911e+01 3.206255242239488723e+01
2.928648737189864376e-02 3.349922657837413331e-02 4.730436153217031092e-02 4.735386033660969607e-02 7.689827210256282797e+00 1.677450767000439313e+01 4.313023738633339121e+01 3.894672949028777253e+01
3.287238698731564934e-02 3.373507675298759861e-02 4.596712984941356273e-02 4.594990896774777539e-02 1.345011023166703978e+01 9.565548625803218741e+00 2.682281623847998731e+01 2.258537933590644187e+01
4.225216771059438908e-02 4.218139002723427650e-02 3.736082044741231845e-02 3.816764819877539738e-02 1.874886248955882451e+01 1.010329890826871058e+01 1.964856900315998445e+01 1.569522407208282822e+01
4.396331948640923998e-02 4.400326705466840738e-02 3.471926559896658382e-02 3.419488047465096131e-02 2.252155874300757077e+01 1.389718592883627402e+01 1.592762379279017892e+01 1.189997491186419154e+01
4.703541944910109851e-02 4.714492009833815001e-02 2.777489985256768532e-02 2.490827151091937544e-02 3.977555923607144450e+01 3.113307070735819337e+01 4.100151900695143681e+00 5.709782527138647090e+00
4.694494411800691908e-02 4.697152849832274268e-02 2.473650405161415336e-02 2.585467520363129296e-02 3.664634897128261315e+01 2.712435808411684590e+01 4.234855988789017367e+00 5.706091075701003490e+00
2.824238027716169386e-02 3.309389189805454073e-02 4.698154404495002295e-02 4.690038026747429811e-02 2.774805210891170493e+00 1.204311580401312654e+01 4.091570298364647584e+01 3.699233798519936300e+01
4.659205507080715208e-02 4.658147387474824430e-02 2.906169946697857026e-02 2.808340718877725545e-02 3.125289741467181059e+01 2.158741022623653549e+01 8.972256920400361935e+00 7.338385439430889612e+00
4.699637884819412442e-02 4.706974304421729371e-02 2.698397868403725960e-02 2.644279283745854664e-02 4.193194051719156334e+01 3.343008972605824169e+01 6.213239939093028852e+00 8.133254758853610156e+00
4.553940181908902596e-02 4.540931242269576756e-02 3.279369912991840497e-02 3.279863688913559755e-02 2.705653279538675804e+01 1.714555557366248451e+01 1.467225975146717687e+01 1.256497753820115371e+01
4.722678848064187918e-02 4.725244797596697688e-02 2.186211041832982274e-02 2.671600977223480972e-02 3.672930171904184959e+01 2.758426140012095473e+01 1.682712332868380845e+00 2.948308743080334526e+00
3.337232662656795801e-02 3.211101970911312692e-02 4.693981925201951011e-02 4.706162569375243326e-02 1.154645018496647069e+01 1.259629403903319833e+01 4.038757807981042447e+01 3.708475500797138835e+01
4.681484404765216129e-02 4.703339884877173055e-02 2.883008273412868486e-02 2.455881242663799854e-02 3.515120508854956682e+01 2.785063714052969885e+01 1.116326002322353261e+01 8.586669011658280226e+00
3.120283504075849895e-02 3.101762149415096884e-02 4.693751354714841700e-02 4.690955096270749136e-02 5.548539797371422999e+00 4.403643344458643583e+00 3.315738964599293581e+01 2.928701407158472136e+01
3.251332274836308406e-02 2.935819993492134669e-02 4.698488041156656525e-02 4.702476605636373569e-02 7.428556951950816334e+00 3.844789139552305723e+00 3.302126517869154299e+01 2.935428319110051021e+01
4.331578686030319175e-02 4.322885382707169349e-02 3.569669135504364987e-02 3.592781263402235886e-02 2.517804124016351253e+01 1.810877160265190255e+01 1.574919731460231098e+01 1.146899305594829244e+01
2.638556625627367161e-02 3.269455266591079351e-02 4.687821511943098679e-02 4.679022740795996116e-02 5.348068251931994421e-01 9.453875406505948931e+00 3.786086916935040847e+01 3.388676680700226029e+01
4.716419664728356553e-02 4.729947545571205197e-02 2.585011374252919880e-02 2.709758757909228391e-02 4.321827731926722294e+01 3.339662953626700670e+01 1.001685236313624117e+01 1.335127753988467703e+01
4.679885585645798124e-02 4.692596357366183440e-02 2.784620188348408895e-02 1.781003511338551809e-02 3.428512193145085263e+01 2.545654911186056424e+01 4.545087784998604441e+00 3.162554363863321893e-01
3.203742886193056832e-02 3.245196930418870612e-02 4.668660529717199442e-02 4.662998945667679723e-02 9.080321842957101097e+00 7.403944126617025390e+00 3.043669696832931137e+01 2.628275464755435920e+01
3.204433793058594077e-02 3.036098930930799036e-02 4.695099424904092961e-02 4.690116652100096567e-02 6.491300728490752903e+00 4.546123618777607511e+00 3.380205684192693383e+01 3.009390946261514443e+01
2.938397387016229018e-02 3.259362742256883411e-02 4.709551506416258249e-02 4.719743739618897926e-02 4.894520698182288854e+00 1.467933435938208575e+01 4.236146567954931896e+01 3.827364575321283979e+01
4.420289480606422877e-02 4.400801987462239079e-02 3.385261054397244868e-02 3.378118635785688773e-02 2.287847355220405632e+01 1.302506825834146831e+01 1.721293378166538446e+01 1.422457577778670412e+01
2.400511421204417489e-02 3.195618584809822860e-02 4.683807660835952180e-02 4.691421755394754867e-02 1.062350067563013756e+00 9.691265408404296622e+00 3.776746295955376809e+01 3.375686465009905390e+01
3.221453669602561409e-02 3.363590948110458528e-02 4.646857493836323294e-02 4.650340410645274758e-02 1.418895432178108074e+01 1.022745379687313871e+01 2.637244794823019234e+01 2.211798072383131952e+01
4.582169677648233186e-02 4.572935335789121702e-02 3.044579051308540091e-02 2.996446833177988933e-02 2.707673762546179219e+01 1.865504659018820988e+01 1.177568246065597890e+01 7.538772871390444941e+00
3.135113869525658209e-02 3.009086976138536373e-02 4.710472825309917205e-02 4.699396211469075713e-02 5.530245259851739981e+00 4.517154280441586067e+00 3.359733008788338537e+01 2.977777197152469668e+01
3.122979951057394329e-02 3.275003948575155172e-02 4.691950050873679862e-02 4.698279389150156887e-02 3.941003355406422770e+00 7.193532837146856096e+00 3.463958669670806501e+01 3.061544533907593646e+01
3.001478682587686506e-02 3.286553316745895181e-02 4.708528453467536457e-02 4.711907802129643164e-02 5.018643814922675972e+00 9.236878996125170715e+00 3.516257319527791481e+01 3.103427799189198666e+01
2.930142905257800481e-02 3.269626910901699685e-02 4.707112333711668817e-02 4.700173131150986450e-02 5.544271886265662808e+00 1.397631243180267901e+01 4.031439684743467211e+01 3.615002749360506584e+01
3.207799242693368941e-02 3.031782851301280737e-02 4.689714630882960145e-02 4.694262345758728333e-02 4.352319741964857158e+00 5.677197016673619423e+00 3.414134976132040578e+01 3.021936984012914706e+01
3.324284181809852856e-02 2.928958122944893758e-02 4.691998614950128321e-02 4.686341072544208952e-02 1.171195152184533050e+01 2.840382110321414633e+00 2.913347450975526698e+01 2.565877994604015200e+01
3.179037125052293355e-02 3.018542296825672475e-02 4.697324124822055413e-02 4.694876443206971728e-02 5.691958166242941708e+00 4.500585147165363509e+00 3.367323997177292938e+01 2.987860597393071060e+01
3.204856931913663970e-02 2.923744469516299446e-02 4.697607023074776289e-02 4.706205143687703513e-02 6.353314599640107474e+00 4.512629740877559748e+00 3.377765019563994287e+01 3.005543279112490751e+01
3.306431618638765862e-02 3.245841756209979362e-02 4.706811134941236291e-02 4.700921236012516741e-02 1.129193858153358754e+01 1.098495935838848148e+01 3.850735238019904472e+01 3.522368546853215321e+01
3.245881161429064327e-02 3.042225585242212121e-02 4.700631566470065553e-02 4.694313721041233622e-02 7.023179609821887937e+00 5.640559170432097424e+00 3.470984399479214488e+01 3.108629047860588202e+01
3.124655708552064731e-02 3.312763925008014448e-02 4.685108101281436344e-02 4.693534899868085503e-02 7.889168592829614468e+00 9.820281041665900545e+00 3.333942451537184581e+01 2.913868447770055781e+01
3.181672198417268005e-02 3.227099746334846642e-02 4.688122705088488412e-02 4.685079452712136161e-02 8.823190274045842330e+00 1.089333653990178874e+01 3.952835831554085644e+01 3.604896796059177433e+01
3.298375374096580021e-02 3.279393959951635434e-02 4.701089813736881312e-02 4.704993541171220706e-02 1.056120996540107804e+01 1.323997373824176549e+01 4.164908724003816332e+01 3.823714687920269739e+01
4.648186739823205460e-02 4.664821202344182627e-02 3.007552585480597826e-02 2.999251262549824590e-02 2.900066874330155997e+01 2.033231677291806250e+01 9.661282173368075377e+00 5.466969971751449719e+00
4.702640783897224508e-02 4.710593631219116978e-02 2.444166504574404528e-02 2.599267378995250705e-02 4.083069038890567271e+01 3.151146999080220468e+01 2.948474500891094863e+00 7.193713833775675859e+00
3.090642310786488600e-02 3.317432339083698639e-02 4.682779248655880022e-02 4.685939792491059658e-02 9.210812698970643808e+00 1.114856422660852608e+01 3.335748324536887566e+01 2.911640255160008195e+01
3.138034436675553318e-02 3.248394264751103960e-02 4.651531355243946481e-02 4.664916702301348528e-02 1.281087015074283819e+01 8.654457468870825565e+00 2.697329475685794264e+01 2.276515070858141954e+01
4.353194854786139600e-02 4.263924276416107551e-02 3.674422711373230566e-02 3.602431295125292643e-02 2.435492338023447445e+01 1.441530933744594911e+01 1.738028481617461551e+01 1.490223053807620701e+01
3.010556906478609185e-02 3.292237904895363443e-02 4.706051900350233935e-02 4.706147915027397016e-02 8.094249573460752245e+00 1.585971675765593503e+01 4.092951391626609592e+01 3.670397282624991675e+01
2.975585964574492537e-02 3.295301080781063569e-02 4.689177325330282087e-02 4.700960948963407021e-02 8.768356135282402875e+00 1.346185646567315963e+01 3.658678866936281793e+01 3.233528541440706050e+01
3.280481746902937784e-02 3.246814507029150559e-02 4.703852557767434356e-02 4.692045647313707046e-02 1.024425053483840031e+01 9.951671360990157922e+00 3.784722696610100456e+01 3.449237511351933705e+01
3.768227736525410487e-02 3.674687369233272521e-02 4.204571360373403344e-02 4.206104280517129757e-02 1.627774433226636219e+01 7.302722989090749017e+00 2.217870826829935993e+01 1.833402803871089048e+01
4.676755650614164428e-02 4.691359530737989475e-02 2.941813281553941686e-02 2.715423198554154857e-02 3.493174531672875816e+01 2.705861893986206823e+01 8.478195251127543131e+00 5.789301877215775605e+00
3.003788333182226544e-02 3.350648036076254305e-02 4.686977055258594732e-02 4.699215378241563407e-02 5.757954940161962298e+00 1.447424869314980711e+01 4.359596098019080301e+01 3.972930292006712705e+01
3.309980393582200725e-02 2.615761743414128648e-02 4.705983805639848971e-02 4.697374050260234857e-02 1.077007710776431004e+01 3.778779045094645905e+00 3.103835267172275181e+01 2.759274258988093464e+01
4.708184619087450035e-02 4.726599910029172930e-02 2.567477048067450668e-02 2.547582421823823065e-02 4.137451604665318428e+01 3.184718290642710059e+01 4.955489459508891414e+00 8.835576544095932405e+00
3.016561512663230513e-02 3.318429137536207246e-02 4.717760279387015615e-02 4.725316755485187842e-02 6.766944331868209872e+00 1.405178115681152740e+01 3.932402534604578648e+01 3.511806118634892471e+01
3.049957950917767113e-02 3.334675129628392187e-02 4.696490683100026237e-02 4.705423982172103614e-02 9.176947892127225614e+00 1.249626539701426253e+01 3.493153980230786004e+01 3.067819715873373809e+01
2.990837819440800988e-02 3.333296654636687395e-02 4.697554046989409898e-02 4.706534628677443849e-02 8.618207806623956913e+00 1.476337685701933999e+01 3.860595979432618208e+01 3.435769668497201224e+01
3.240786065270404026e-02 3.129732252479045657e-02 4.680403464778461198e-02 4.684617323878246392e-02 8.946486500079869231e+00 4.589209480556291076e+00 2.954214084881046887e+01 2.551547625272561604e+01
2.903656491995695865e-02 3.316143781603053675e-02 4.698188421781459428e-02 4.712227871095586024e-02 5.311932671999882949e+00 1.517571702363642494e+01 4.366087242960237091e+01 3.965450765813739764e+01
4.693661642336235257e-02 4.693203513616367450e-02 2.728082503585503929e-02 2.745666431706051194e-02 3.221329408011944651e+01 2.250534326159992560e+01 8.631492795991377420e+00 7.533262420862542719e+00
4.701144986801829989e-02 4.709072751575773402e-02 2.789111424703198325e-02 2.584087792144369733e-02 4.416955430246196812e+01 3.582794265843648418e+01 8.701683140845902997e+00 1.069696014271986328e+01
2.999322821919806967e-02 3.339509348764446023e-02 4.720260491929002822e-02 4.724579963755661666e-02 6.391851167787732990e+00 1.399780156055775748e+01 3.958389792190157408e+01 3.538897018857701227e+01
3.222093811327931406e-02 3.146093479173948243e-02 4.699870289423783987e-02 4.697542135947990055e-02 8.954023283744886541e+00 3.311876169088269872e+00 3.199512085722682286e+01 2.841630034900442681e+01
4.670188726037036164e-02 4.680816078324694790e-02 2.953494459011613699e-02 2.855272094317130166e-02 2.986760948287449935e+01 2.125048975203544543e+01 8.940616314448677215e+00 4.683877600906725114e+00
3.251550781453326627e-02 2.942373561909933724e-02 4.695236128177732171e-02 4.683661278408215306e-02 6.731172606717771068e+00 3.687599872706591064e+00 3.294895968173277367e+01 2.920607714801349530e+01
2.802492746911156712e-02 3.236237116503474370e-02 4.708540356401699767e-02 4.707707563119849919e-02 4.269559391136279025e+00 1.383304850616309345e+01 4.131382313243602766e+01 3.721667065371734395e+01
2.952585544612465127e-02 3.267487295482448401e-02 4.684291123852989819e-02 4.687085406751255456e-02 4.436899671633088182e+00 1.053139759731134362e+01 3.672927766716801301e+01 3.259365714818252968e+01
2.986546853563625675e-02 3.231875075251644525e-02 4.689198915253512540e-02 4.684093353531246923e-02 1.919544657322516557e+00 9.146760571721198829e+00 3.812787455081758026e+01 3.424657138062927686e+01
4.697037661178231349e-02 4.706424763304706271e-02 2.802303330724724428e-02 2.719883577141921083e-02 2.965387711860959641e+01 2.029347482272879688e+01 9.060919407803920578e+00 6.036636350944085017e+00
3.234283530260094464e-02 3.134732210182891027e-02 4.684637578747381098e-02 4.681681106188878561e-02 7.704432187552773925e+00 6.073710446234846572e+00 3.113023187165137884e+01 2.704658068052666664e+01
3.557158475726349828e-02 3.206974684684141957e-02 4.492384545371924665e-02 4.489570841598649470e-02 1.499340725025201060e+01 5.425193224687051341e+00 2.639747101304553567e+01 2.313220517574532309e+01
3.105527336231205318e-02 3.326923028152446032e-02 4.706857861535289345e-02 4.719156172464665511e-02 6.636662790585916127e+00 1.282073640122366953e+01 3.771549812866460627e+01 3.350908364989124522e+01
3.091477233848487563e-02 3.181288896350190770e-02 4.677404890287515521e-02 4.676046270411132744e-02 3.833780214599625591e+00 7.666382383323311345e+00 3.689287199052817812e+01 3.310367502000320883e+01
3.074289526753007373e-02 3.166555392051549622e-02 4.702617544317300169e-02 4.703302576040929717e-02 5.267682431435800616e+00 1.225147143547059869e+01 4.151182194594356645e+01 3.774291106944840379e+01
3.212514498893675324e-02 3.242563611281072677e-02 4.654901521638566547e-02 4.659121045049462173e-02 1.250944855022330060e+01 6.909134225027306897e+00 2.637294992381474401e+01 2.224717988675179114e+01
3.032447855194794414e-02 3.250423156003204306e-02 4.704578695004735245e-02 4.696609647922021791e-02 8.221127467367731256e+00 1.558960239158795247e+01 4.033423709756187492e+01 3.610133211073138426e+01
4.644358640562001872e-02 4.652575144315519023e-02 2.966923445181825214e-02 2.872695416056179896e-02 2.898313179277854346e+01 2.117026677526662226e+01 1.152033574723290421e+01 7.299086071562082445e+00
3.097594922887819333e-02 3.048231830778566631e-02 4.699235990592665752e-02 4.696067251494853712e-02 4.625534971555766539e+00 5.317004692168162627e+00 3.411591319462205263e+01 3.023832189579811924e+01
3.166284967308480996e-02 3.051015325183830881e-02 4.686781177159030087e-02 4.702438964017279649e-02 6.812397806216704765e+00 3.133251910535413742e+00 3.203558556645449329e+01 2.820471414131550958e+01
3.232343275094567980e-02 3.051058082906229346e-02 4.687756501643957491e-02 4.682806443800913154e-02 9.707157513407969063e+00 4.945475483965847019e+00 3.290200839719373960e+01 2.944236463607318655e+01
2.888622946288537871e-02 3.229702193189547266e-02 4.681048444079689147e-02 4.684677777292956674e-02 8.318582043527801284e-01 9.132338912567183442e+00 3.757002154620749934e+01 3.360265332176449249e+01
4.710819177903094457e-02 4.716794487399145197e-02 2.780487329243952130e-02 2.601796867102177183e-02 4.282816582183799170e+01 3.395185645786890660e+01 5.043578557199322354e+00 8.424056545455254508e+00
3.238739352791405318e-02 3.329574391551943374e-02 4.596476278207124039e-02 4.615178225230204268e-02 1.367335653082028379e+01 8.929438341966379866e+00 2.603362950863713365e+01 2.182172442077258623e+01
4.694534493557184218e-02 4.697070519178964815e-02 2.529117487531944153e-02 2.811874328928226641e-02 3.625186904593008563e+01 2.665661343723882126e+01 5.177428684624759470e+00 6.325709400673041216e+00
4.701400178118100154e-02 4.706100434646867670e-02 2.896761809379640520e-02 2.484685654209198985e-02 3.882909319692326022e+01 3.115945795678315378e+01 9.678215576335579939e+00 8.710100923211701485e+00
3.214006710496494779e-02 2.942078057520631715e-02 4.676561064702600828e-02 4.683841993345221055e-02 7.454997240581890061e+00 2.843642505206476212e+00 3.110959157578286849e+01 2.723207550926885645e+01
4.694712844870747165e-02 4.709403749556798774e-02 2.800224913365735244e-02 2.633122066745266499e-02 4.037523818334951642e+01 3.166388613908584659e+01 3.964852142608567664e+00 6.156676463231871566e+00
4.696598930248487014e-02 4.704480503726256313e-02 2.911039045589406543e-02 2.625953425853742862e-02 3.811541113988047158e+01 3.014411351182221210e+01 7.846198991652229893e+00 6.871170932700669809e+00
4.673394578713490483e-02 4.688132711875200170e-02 2.978399511684487466e-02 2.659878640191283908e-02 3.357595865759314080e+01 2.518687454983439267e+01 6.671912670240135235e+00 2.957961182322479399e+00
3.369201172157528651e-02 3.272012335020084428e-02 4.689283736546785708e-02 4.664012146930136826e-02 9.871545582673713071e+00 1.171826059946566900e+01 4.009405249848481390e+01 3.667620689953807300e+01
3.083934091371597769e-02 3.235726829553593059e-02 4.689591427651863820e-02 4.681858865386810675e-02 4.422708597771951133e+00 1.121180077927985330e+01 4.046060222506299198e+01 3.667770423377369582e+01
4.606293526643837760e-02 4.612944824168421082e-02 3.161030439409778098e-02 3.126432630366214604e-02 2.954854813831902405e+01 1.964548465186683757e+01 1.292383243593051745e+01 1.143631264987538820e+01
2.983714890030921690e-02 3.323328664448962910e-02 4.705626516706969131e-02 4.704077097829410109e-02 9.717561388307265346e+00 1.348602485075181256e+01 3.563800496005516294e+01 3.137210422700885459e+01
2.742137053097356419e-02 3.345113292281407663e-02 4.672379128384457347e-02 4.687907440013606986e-02 3.975711894956421855e+00 1.389859909838156149e+01 4.226940160396805624e+01 3.825571704514049287e+01
4.682525857706618805e-02 4.677234241494043071e-02 2.832188523659650778e-02 2.716237205095149015e-02 3.203249410883629622e+01 2.238425730446929052e+01 8.246544586929735132e+00 6.890692375214499954e+00
4.031728498789761278e-02 4.003638631964049482e-02 4.119031666608685693e-02 4.140822969632493300e-02 1.909019857501777651e+01 1.358324663830614476e+01 2.201513431771092755e+01 1.771809338108690568e+01
3.068820524224654539e-02 3.244618240793794434e-02 4.707477411880611057e-02 4.691776616173746334e-02 2.707830025117106132e+00 8.356479332350838618e+00 3.601110608869116447e+01 3.198273447333571085e+01
3.312471310892556309e-02 3.067825233691602593e-02 4.644713371698092064e-02 4.657573263974711802e-02 8.474664147113404766e+00 3.572972434025913913e+00 2.992018745618477027e+01 2.595628291206073968e+01
4.682613115241748142e-02 4.692335570267758271e-02 2.771637930096363875e-02 2.785737679857786323e-02 3.314952830079842983e+01 2.339132653985399557e+01 8.598818272250628780e+00 8.070780840742047602e+00
4.705016857659186785e-02 4.710907624553781897e-02 2.720537425979559915e-02 2.503344234890986925e-02 3.942663166203117697e+01 3.082197439389513249e+01 4.211293922005509671e+00 5.468049303144590034e+00
3.204074821280625263e-02 2.946551349529667047e-02 4.687210941132270714e-02 4.694466899538846799e-02 6.273993264321559238e+00 3.807203410895369622e+00 3.296382930046890181e+01 2.917043332051860460e+01
3.229102661719173567e-02 3.149861749738781802e-02 4.693658250114776664e-02 4.685204776599844606e-02 4.703392018689223519e+00 5.274374977528991870e+00 3.420388410148854064e+01 3.034683199668310039e+01
4.718752073844695305e-02 4.718443715225775770e-02 2.494721375892560225e-02 2.652512786609085779e-02 3.805148297823027548e+01 2.863671630982090832e+01 2.714543822791725347e+00 5.539117205977754921e+00
3.206054899144029219e-02 3.132634959403174379e-02 4.672635052929240834e-02 4.669843085011587264e-02 8.620533732019074691e+00 3.969080011175223799e+00 2.979074147694808516e+01 2.580149331757866804e+01
3.057277431473920740e-02 3.147076906011322950e-02 4.695124870792861255e-02 4.699015934610092926e-02 5.174077726432487978e+00 1.084091413821962568e+01 4.010480890732667802e+01 3.637798788351879153e+01
3.073537026304286671e-02 3.156417318046262493e-02 4.719183848393424668e-02 4.713951988107869390e-02 4.383168096932646307e+00 7.265781469271084703e+00 3.434836652231642518e+01 3.030302544202362469e+01
4.698365318641943567e-02 4.705214741338324680e-02 2.903583632624931465e-02 2.527190207112467446e-02 3.978345497594494873e+01 3.141457881872227986e+01 5.873641562753288525e+00 6.534019848577500511e+00
3.265660386321184161e-02 3.217818036263382642e-02 4.696142888831857098e-02 4.691802120078047977e-02 9.559207079454058231e+00 1.029227199036994378e+01 3.856458401377588530e+01 3.515192156735974294e+01
4.655686557032590045e-02 4.664609419843166599e-02 2.869400673080447356e-02 2.753427300103122172e-02 2.934831188359856924e+01 2.006818639074760213e+01 9.214810254862635830e+00 5.943342857486826780e+00
3.087445381872423733e-02 3.309123828974473019e-02 4.685664207822354266e-02 4.703677614474743862e-02 6.048938378054745435e+00 1.000373002594283456e+01 3.506147432716576873e+01 3.089340003362686460e+01
3.230093204001349000e-02 2.833975282730804776e-02 4.703364828925495761e-02 4.696716267552783486e-02 1.109533605122427247e+01 3.439686720834778999e+00 3.042046599946977281e+01 2.697144651877454180e+01
3.262858058193624650e-02 3.103437763543737474e-02 4.710105321093805558e-02 4.697951081893337461e-02 1.195995761924933376e+01 7.773267812535825882e+00 3.412472059758034248e+01 3.090012551957585174e+01
3.144663022987374129e-02 3.115599628768466953e-02 4.705693027547813018e-02 4.707062952567833691e-02 6.223540177953175601e+00 5.499864241843592794e+00 3.227626646789659048e+01 2.825562131388024056e+01
2.891325294147256003e-02 3.354923480848145262e-02 4.730504464866579911e-02 4.716902503703270660e-02 8.710375482367568978e+00 1.752325049804835189e+01 4.336796183247938785e+01 3.915839460835327657e+01
4.717094628563869851e-02 4.719786748630881018e-02 2.685111271476461892e-02 2.728828494635722121e-02 3.722160709567389603e+01 2.733273927058560560e+01 1.002699266979665182e+01 1.138019436667856432e+01
2.869621876828232568e-02 3.188437300443310723e-02 4.698626519904061660e-02 4.703310130235380943e-02 2.051492445716620150e+00 1.099578583693127065e+01 3.865481582050370690e+01 3.459590215967739368e+01
3.211200687906661660e-02 3.244351282686745719e-02 4.658011722519012077e-02 4.660079929809456123e-02 1.134063279770063204e+01 6.244231511175852845e+00 2.747004788600328595e+01 2.336314041101687522e+01
3.138009453655774689e-02 3.239820852191892947e-02 4.699563492730656628e-02 4.711924180402366630e-02 6.803397778077981961e+00 8.115668459210022334e+00 3.296942987926299651e+01 2.882889907272733865e+01
3.062039460421848991e-02 3.349240592323117494e-02 4.721492757665367995e-02 4.719211538542007062e-02 8.118275381253791778e+00 1.522919662352300740e+01 3.984769075231196922e+01 3.561393187470822141e+01
3.331345638948880750e-02 2.685333399213084976e-02 4.674863166861648045e-02 4.697349897833467958e-02 1.141399380359427163e+01 2.933221640109310080e+00 2.961018577971612942e+01 2.613830504032739910e+01
3.167668849263147873e-02 3.216277520030028092e-02 4.705301893077426523e-02 4.711449819860016180e-02 8.896684990175375063e+00 3.214181147378230019e+00 3.195120639595297618e+01 2.836358320098289454e+01
4.649061297263717973e-02 4.651374071018220951e-02 2.893981028885634840e-02 2.733892531485593649e-02 3.105754164263277772e+01 2.172877949657514662e+01 7.622783044778373096e+00 4.807076645954633243e+00
3.230230902207077703e-02 2.753112442193614284e-02 4.694536241513746350e-02 4.694968350307412996e-02 1.244141764280752405e+01 5.512333518099527652e+00 3.101534092472551052e+01 2.774855440852044808e+01
4.259784436375375211e-02 4.269571418760042397e-02 3.653510284421889603e-02 3.661529735447388578e-02 2.168509087919267486e+01 1.201170870806014612e+01 1.749943102666442840e+01 1.414363896792644049e+01
4.648379508944826266e-02 4.659299438030880397e-02 2.919029631606961939e-02 2.804116679417192892e-02 2.754467633902284618e+01 1.927190155675683769e+01 1.159782820538638148e+01 7.313460257507927942e+00
3.258378083744209452e-02 3.204699948781705721e-02 4.642258798467727848e-02 4.649382480651564203e-02 1.096020402794245641e+01 3.269784702042379365e+00 2.745672257761138724e+01 2.353992048336001375e+01
3.084485757250287480e-02 3.251574625545252534e-02 4.701193260564838494e-02 4.705049517968385581e-02 1.730228959609397821e+00 8.954058027196111880e+00 3.787219573449895904e+01 3.397876348384226475e+01
4.707543883211364605e-02 4.719088344898685755e-02 2.419973507123221457e-02 2.671719177124245656e-02 3.619846842231717687e+01 2.673880393561807267e+01 3.864498054426856122e+00 4.935135683405596829e+00
4.691381747082194048e-02 4.702817876532691677e-02 2.895944281703921944e-02 2.676299417099795019e-02 3.428365427619413452e+01 2.670436924696256398e+01 9.983105808137906934e+00 7.072289943676023150e+00
