5.441900000000000000e+04 1.514877146250000139e+00 0.000000000000000000e+00
5.539600000000000000e+04 1.112708673500000245e+00 5.043825999999999171e-02
5.764800000000000000e+04 1.200017947499999904e+00 5.415563575000000018e-02
5.754300000000000000e+04 1.025956064999999917e+00 2.835857199999999856e-02
5.432800000000000000e+04 1.319299452000000317e+00 6.705222100000000907e-02
5.275000000000000000e+04 1.162526933000000096e+00 6.156285050000000203e-02
5.990000000000000000e+04 1.420076109999999892e+00 6.632148249999999905e-03
5.956000000000000000e+04 3.359582922500000124e-01 7.488690554999999360e-01
5.955700000000000000e+04 1.222297485000000350e+00 2.586165049999999965e-02
5.070000000000000000e+04 3.884449999999999795e-03 1.272065207250000052e+00
5.559600000000000000e+04 9.855514659999999871e-01 2.797189657499999926e-01
5.947300000000000000e+04 1.033118163250000165e+00 3.621559824999999455e-02
5.097800000000000000e+04 1.234338988500000012e+00 2.753878300000000071e-02
5.965600000000000000e+04 1.090779037249999917e+00 1.371533329999999884e-01
5.365000000000000000e+04 1.149127320500000105e+00 0.000000000000000000e+00
5.814500000000000000e+04 1.224642248499999919e+00 4.838105824999999749e-02
5.885800000000000000e+04 1.449479814999999894e-01 1.191276897499999876e+00
5.273600000000000000e+04 8.047417597499999520e-01 2.817567330000000370e-01
5.720000000000000000e+04 1.093395662999999907e+00 7.497685499999999503e-02
5.978600000000000000e+04 1.128848108249999926e+00 4.022409749999999833e-03
5.821800000000000000e+04 2.777696565000000173e-01 8.874830084999999480e-01
5.574800000000000000e+04 9.784620139999999910e-01 8.073571400000000009e-02
5.144200000000000000e+04 1.274088170749999804e+00 2.959095475000000225e-02
5.533900000000000000e+04 7.137662087499999641e-01 3.820933884999999641e-01
5.950000000000000000e+04 2.263991469999999950e-01 1.010414602500000036e+00
5.961500000000000000e+04 1.029469165000000075e+00 4.175462999999999918e-03
5.885600000000000000e+04 8.370607182500001686e-01 4.875612677499999714e-01
5.934600000000000000e+04 4.039970525000000090e-02 1.060739350249999990e+00
5.488500000000000000e+04 7.956980230000002541e-01 3.777423084999999570e-01
5.815700000000000000e+04 1.190045760250000084e+00 0.000000000000000000e+00
5.948600000000000000e+04 9.892933812500003254e-01 1.382023809999999575e-01
5.966200000000000000e+04 1.139202837500000065e+00 7.403834950000000303e-02
5.898700000000000000e+04 1.656214055000000129e-01 9.753650710000002499e-01
5.992600000000000000e+04 9.944875502500003517e-01 3.158935210000000104e-01
5.641200000000000000e+04 1.114344656750000384e+00 1.496400099999999934e-02
5.311200000000000000e+04 1.011393375999999789e+00 1.287202607500000096e-01
4.219600000000000000e+04 2.426970660000000168e-01 8.846608650000001850e-01
4.870600000000000000e+04 1.028196499250000118e+00 2.910521325000000117e-02
5.851000000000000000e+04 1.124475297249999839e+00 0.000000000000000000e+00
5.969800000000000000e+04 1.954642169999999957e-01 8.785527462499997942e-01
5.932400000000000000e+04 1.205139281249999472e+00 4.045678500000000205e-03
5.328000000000000000e+04 1.147360218750000049e+00 0.000000000000000000e+00
5.892600000000000000e+04 5.762491250000000009e-02 1.037896358999999880e+00
5.844800000000000000e+04 1.217114854250000100e+00 3.079732150000000224e-02
5.773200000000000000e+04 1.237122065999999965e+00 1.323298524999999906e-02
5.905100000000000000e+04 1.382501975499999425e+00 0.000000000000000000e+00
5.829600000000000000e+04 9.993972309999997750e-01 1.100851819999999898e-01
5.401200000000000000e+04 7.843369980000000075e-01 4.246314277500000678e-01
5.789000000000000000e+04 6.948959924999999205e-02 1.367108661749999676e+00
5.589900000000000000e+04 1.115566806500000618e+00 5.635599399999999259e-02
5.607900000000000000e+04 7.915151774999999723e-02 1.232282966750000153e+00
5.818000000000000000e+04 6.848122349999998804e-01 6.720387927500000025e-01
5.704500000000000000e+04 1.309864049749999815e+00 3.564298674999999417e-02
5.800400000000000000e+04 1.040383482750000033e+00 1.353294224999999906e-02
5.717900000000000000e+04 7.999574745000002096e-01 3.202586494999999922e-01
5.996900000000000000e+04 9.616751985000001612e-01 1.122928465000000015e-01
5.715100000000000000e+04 2.869444342499999911e-01 9.360908002500001324e-01
5.926100000000000000e+04 0.000000000000000000e+00 1.294123731999999860e+00
5.937700000000000000e+04 1.048838396499999881e+00 1.108777997499999918e-01
5.832600000000000000e+04 9.935993792500000810e-01 6.217463450000000613e-02
5.538500000000000000e+04 2.349086637499999963e-01 1.005096450749999981e+00
5.812400000000000000e+04 1.150112657500000024e+00 1.686516332499999882e-01
5.973600000000000000e+04 1.133118107750000103e+00 4.535009250000000304e-03
5.975300000000000000e+04 7.423256160000000214e-01 2.815198677499999302e-01
5.878900000000000000e+04 1.084709924999999631e+00 1.250806125000000074e-02
5.969400000000000000e+04 1.320137725249999727e+00 1.580521269999999867e-01
5.977200000000000000e+04 1.209408640999999784e+00 0.000000000000000000e+00
5.604600000000000000e+04 1.001162223249999927e+00 1.723458762500000019e-01
5.986600000000000000e+04 1.130634546500000059e+00 4.859008900000000297e-02
5.289800000000000000e+04 1.241574183250000019e+00 0.000000000000000000e+00
5.941400000000000000e+04 1.237460154999999951e+00 6.087664175000000177e-02
5.923500000000000000e+04 1.048147053749999502e+00 1.019326477500000078e-01
5.766800000000000000e+04 1.046875263999999639e+00 2.157224867499999976e-01
5.474800000000000000e+04 1.131980985999999856e+00 9.572885225000000997e-02
5.960100000000000000e+04 1.304126198250000090e+00 0.000000000000000000e+00
5.578600000000000000e+04 1.086814399999999903e-01 1.036228811000000194e+00
5.807300000000000000e+04 1.028814699250000020e+00 1.454968925000000302e-01
5.620500000000000000e+04 9.610951235000002590e-01 2.083676032499999775e-01
5.910400000000000000e+04 8.594212720000000694e-01 2.360059080000000142e-01
5.037400000000000000e+04 1.136537628249999932e+00 0.000000000000000000e+00
5.968700000000000000e+04 1.153687885249999656e+00 2.177173949999999802e-02
5.766100000000000000e+04 4.035137282499999256e-01 7.334419134999998757e-01
4.817900000000000000e+04 1.347536983750000195e+00 0.000000000000000000e+00
5.097700000000000000e+04 3.268605050000000095e-02 1.068995550249999704e+00
5.996700000000000000e+04 1.127133402999999978e+00 1.516982080000000011e-01
5.977600000000000000e+04 2.585115317500000232e-01 9.964265500000000220e-01
5.734700000000000000e+04 7.748907574999999714e-02 1.123381633500000198e+00
5.827300000000000000e+04 6.736255950000000214e-02 1.105352188000000124e+00
5.944600000000000000e+04 1.147708654750000168e+00 5.273035500000000306e-03
4.767300000000000000e+04 1.047659466500000081e+00 7.331976999999999939e-03
5.856600000000000000e+04 1.091277198000000226e+00 2.207101225000000083e-02
5.925700000000000000e+04 1.288089815249999326e+00 6.377854249999999336e-02
5.787800000000000000e+04 2.394451674999999863e-02 1.138751191249999906e+00
5.906300000000000000e+04 1.186386447500000108e+00 0.000000000000000000e+00
5.159200000000000000e+04 1.070128108000000022e+00 3.279820037500000285e-01
5.797700000000000000e+04 3.185304422500000454e-01 9.368549422499997670e-01
5.302000000000000000e+04 1.110912306500000168e+00 1.769601837499999997e-01
5.936700000000000000e+04 8.374892659999999545e-01 2.692545502500000021e-01
5.845600000000000000e+04 5.606665250000000128e-02 1.255403789000000048e+00
5.514800000000000000e+04 1.262912985000000099e-01 1.052515247749999716e+00
5.948400000000000000e+04 9.580175965000001792e-01 1.399499032499999795e-01
5.954600000000000000e+04 3.440407799999999905e-01 9.317149829999996635e-01
5.823200000000000000e+04 6.386528674999999988e-02 1.236632466999999957e+00
4.528900000000000000e+04 1.167846301750000260e+00 4.401017649999999781e-02
5.981200000000000000e+04 1.166243599000000186e+00 0.000000000000000000e+00
5.884600000000000000e+04 6.296750689999999206e-01 4.767783207499999287e-01
5.477300000000000000e+04 1.157893567499999943e+00 1.606967749999999723e-02
5.866500000000000000e+04 8.634570747499999976e-01 3.942232827499999592e-01
5.555600000000000000e+04 9.663565947499999087e-01 1.475640752500000097e-01
5.687300000000000000e+04 1.181085260499999512e+00 0.000000000000000000e+00
5.490000000000000000e+04 5.391456649999999684e-02 1.096124261249999732e+00
5.998500000000000000e+04 1.235891820500000238e+00 5.068656024999999843e-02
5.915000000000000000e+04 1.239938605000000110e-01 1.035933379250000064e+00
5.804200000000000000e+04 1.614947857499999806e-01 1.139803140000000159e+00
4.565400000000000000e+04 1.149253843499999928e+00 0.000000000000000000e+00
5.635500000000000000e+04 1.813163405000000061e-01 8.510326687499998322e-01
5.816600000000000000e+04 5.199522125000000106e-02 1.134824202500000156e+00
5.855500000000000000e+04 8.849302500000000293e-01 1.903365347499999805e-01
5.280400000000000000e+04 1.154419199000000118e+00 9.372036749999999861e-03
5.775700000000000000e+04 1.146066837500000046e+00 1.332360324999999970e-02
5.154300000000000000e+04 1.213286070249999682e+00 6.431700749999999522e-02
5.903500000000000000e+04 1.207403701499999871e+00 0.000000000000000000e+00
5.358000000000000000e+04 2.531419149999999951e-02 1.144469980750000282e+00
5.950800000000000000e+04 1.188337440000000189e+00 0.000000000000000000e+00
5.988600000000000000e+04 6.364557215000000712e-01 4.745124210000001286e-01
5.082000000000000000e+04 1.186244334749999352e+00 2.474432649999999678e-02
5.960500000000000000e+04 9.920259542500000638e-01 1.836974052500000010e-01
5.472000000000000000e+04 1.209360257749999779e+00 0.000000000000000000e+00
5.168200000000000000e+04 1.145855437250000053e+00 3.313654074999999866e-02
5.014500000000000000e+04 1.338067676000000539e+00 1.326772124999999955e-02
5.840900000000000000e+04 1.165382826749999712e+00 4.045678500000000205e-03
5.886600000000000000e+04 1.170109164499999688e+00 1.557654022499999902e-01
5.805800000000000000e+04 1.062530272999999914e+00 6.067953300000000078e-02
5.697300000000000000e+04 1.041039983249999912e+00 5.215150325000000170e-02
5.838500000000000000e+04 1.154684587999999623e+00 2.680459425000000090e-02
5.861800000000000000e+04 7.230915499999999822e-03 1.029284316749999872e+00
5.624400000000000000e+04 1.082237643250000048e+00 1.009574394999999958e-01
5.520700000000000000e+04 6.842540259999998487e-01 6.424813299999999616e-01
6.004100000000000000e+04 1.848611999999999912e-03 1.277412033750000564e+00
5.935700000000000000e+04 6.618046102500000361e-01 4.640403292499999388e-01
5.684000000000000000e+04 1.110181542250000097e+00 0.000000000000000000e+00
5.888500000000000000e+04 1.346748410000000173e-01 1.013561415750000361e+00
5.596000000000000000e+04 3.090873225000000113e-02 1.069709708249999780e+00
5.742200000000000000e+04 2.439734792500000138e-01 1.103013278750000215e+00
4.277900000000000000e+04 1.069326452749999934e+00 0.000000000000000000e+00
5.565200000000000000e+04 1.272835777749999897e+00 0.000000000000000000e+00
5.888800000000000000e+04 1.017157461500000082e+00 5.719809949999999504e-02
5.937900000000000000e+04 1.223158439750000159e+00 0.000000000000000000e+00
5.826000000000000000e+04 1.138594930499999824e+00 1.315932792500000004e-01
5.886800000000000000e+04 1.230426260000000160e-01 9.550504409999998057e-01
5.567100000000000000e+04 3.127562779999999987e-01 9.396621032499999915e-01
5.362100000000000000e+04 1.129010814500000182e+00 0.000000000000000000e+00
5.305700000000000000e+04 9.766893902500000113e-01 6.878640974999999935e-02
5.695100000000000000e+04 1.135951775999999969e+00 9.299541800000001024e-02
5.967900000000000000e+04 9.555922900000000109e-01 2.103818394999999730e-01
5.788400000000000000e+04 2.595060820000000268e-01 9.064619115000001059e-01
5.942300000000000000e+04 1.308169554999999984e-01 1.096562790500000162e+00
5.963000000000000000e+04 1.008195730249999755e+00 1.766328320000000174e-01
5.947600000000000000e+04 1.106506895000000101e+00 2.271209405000000070e-01
5.803600000000000000e+04 9.757018149999999168e-02 9.847094147499999561e-01
5.741900000000000000e+04 4.575980097499999788e-01 6.987748967499999297e-01
5.857500000000000000e+04 1.165557094250000203e+00 4.791269150000000004e-02
5.752300000000000000e+04 9.782322015000002313e-01 1.742999492500000025e-01
5.761600000000000000e+04 9.777349762500001651e-01 3.153633937499999429e-01
5.253000000000000000e+04 1.066928840749999940e+00 4.141917174999999729e-02
5.972900000000000000e+04 1.970637065000000188e-01 9.469138212500001206e-01
5.672800000000000000e+04 1.111517662749999857e+00 2.734007500000000166e-04
5.549800000000000000e+04 2.781805974999999875e-02 1.048084505999999916e+00
5.477600000000000000e+04 9.208511229999998271e-01 2.027027080000000092e-01
5.777400000000000000e+04 6.787238267499999811e-01 5.075790127500000581e-01
5.900400000000000000e+04 1.163553587500000042e+00 5.509723700000000030e-02
5.784400000000000000e+04 1.157877140500000124e+00 1.162580500000000034e-03
5.543700000000000000e+04 8.696374599999999455e-02 1.054173217250000016e+00
5.905300000000000000e+04 1.124529455249999810e+00 2.560791299999999951e-02
5.321300000000000000e+04 1.073903491000000265e+00 5.666080000000000205e-04
5.677200000000000000e+04 1.074362778750000080e+00 1.271814579999999695e-01
5.956700000000000000e+04 1.150701854750000086e+00 5.719809949999999504e-02
5.858600000000000000e+04 8.153843675000001234e-02 1.314597430250000087e+00
5.212000000000000000e+04 1.070935243750000154e+00 7.780713275000000761e-02
5.948200000000000000e+04 1.047785645750000105e+00 9.865360524999999825e-02
5.673200000000000000e+04 7.728864350000000383e-02 1.020734218750000588e+00
5.980700000000000000e+04 5.861568847499999402e-01 5.742065490000000105e-01
5.957300000000000000e+04 0.000000000000000000e+00 1.115545676999999847e+00
5.947500000000000000e+04 1.118892412999999975e+00 1.390096627499999848e-01
5.409900000000000000e+04 2.065384202499999933e-01 1.084971436250000032e+00
5.727500000000000000e+04 1.035718920750000160e+00 1.388421982499999929e-01
5.871600000000000000e+04 1.069081048500000186e+00 0.000000000000000000e+00
5.826900000000000000e+04 1.117355058249999811e+00 0.000000000000000000e+00
5.386500000000000000e+04 2.186058892499999906e-01 8.799393379999997933e-01
5.976600000000000000e+04 8.839694879999999699e-01 1.794696974999999972e-01
5.886500000000000000e+04 8.721231192499999674e-01 1.755777169999999943e-01
5.894200000000000000e+04 1.035188576999999999e+00 8.973125749999999456e-02
5.982800000000000000e+04 1.072841199249999766e+00 5.798948875000000530e-02
5.801900000000000000e+04 9.485865272500001444e-01 1.735485719999999843e-01
6.003200000000000000e+04 1.158430517749999833e+00 3.501870425000000453e-02
5.804300000000000000e+04 1.153793647750000151e+00 7.320762599999999787e-02
3.222000000000000000e+04 7.533150574999999960e-02 9.499746610000000535e-01
4.223700000000000000e+04 1.117348403999999684e+00 0.000000000000000000e+00
5.388600000000000000e+04 1.071993533250000130e+00 2.524412112500000194e-01
5.707200000000000000e+04 1.316358458500000106e+00 0.000000000000000000e+00
