3.640000000000000000e+02 1.044225896749999771e+00 9.220827500000000621e-02
1.649000000000000000e+03 9.813575879999999474e-01 1.895565209999999223e-01
1.351000000000000000e+03 1.015622449000000094e+00 1.197980624999999966e-01
2.526000000000000000e+03 5.440980074999999250e-01 6.415480105000002098e-01
2.071330000000000000e+05 9.885196917499997626e-01 1.546473832500000201e-01
3.760000000000000000e+02 3.563462787499999673e-01 8.441924100000004483e-01
2.034000000000000000e+03 7.478078284999999381e-01 4.209849677500000498e-01
2.775000000000000000e+03 6.256617464999999489e-01 5.528612484999997356e-01
2.068210000000000000e+05 8.663338729999998655e-01 2.614678999999999753e-01
1.229000000000000000e+03 1.010542662750000487e+00 1.366979872500000415e-01
1.977000000000000000e+03 3.552572455000000406e-01 7.620633497499997855e-01
2.080600000000000000e+05 1.008211104750000864e+00 2.253811500000000023e-01
2.077570000000000000e+05 1.071013281999999789e+00 1.188055342500000111e-01
1.626000000000000000e+03 5.234025069999997948e-01 6.487579175000001142e-01
7.280000000000000000e+02 9.048296642500005538e-01 2.571539625000000551e-01
2.073350000000000000e+05 5.085707465000000038e-01 6.167199225000000729e-01
1.270000000000000000e+02 5.526001729999999723e-01 6.753580384999998687e-01
1.962000000000000000e+03 1.020053501999999446e+00 1.360708650000000131e-01
5.030000000000000000e+02 3.950791745000000188e-01 7.109016985000000677e-01
2.499000000000000000e+03 1.074910876999999543e+00 9.965661374999998379e-02
1.153000000000000000e+03 1.063751994500000242e+00 2.077579174999999723e-01
1.939000000000000000e+03 1.062677775750000553e+00 1.579105562500000004e-01
1.514000000000000000e+03 8.870842192500002499e-01 2.325481459999999556e-01
2.078350000000000000e+05 7.621800217499996588e-01 4.562119250000001291e-01
1.125000000000000000e+03 5.478696822499999897e-01 5.878411112499999369e-01
8.400000000000000000e+02 8.052858499999998587e-01 3.923653925000000764e-01
2.470000000000000000e+02 3.272059012499999864e-01 8.534945380000003023e-01
2.081310000000000000e+05 9.812619372500001047e-01 3.008801469999999867e-01
1.947000000000000000e+03 1.037732271499999914e+00 1.139427034999999921e-01
9.970000000000000000e+02 1.118049545500000796e+00 1.064972530000000278e-01
1.328000000000000000e+03 5.115249622499998816e-01 6.654698697499996651e-01
1.670000000000000000e+03 9.864370722499998800e-01 1.174720399999999998e-01
2.471000000000000000e+03 1.067444966999999911e+00 1.590014184999999913e-01
2.360000000000000000e+03 1.065217889000000140e+00 8.118581950000000602e-02
8.200000000000000000e+02 5.869976122499999116e-01 5.754760217500000108e-01
2.049010000000000000e+05 1.004409259999999859e+00 1.791741400000000095e-01
2.017000000000000000e+03 9.326398127499998525e-01 3.400165229999999594e-01
2.527000000000000000e+03 1.117250493999999650e+00 1.072168077499999900e-01
2.713000000000000000e+03 9.706689112499995442e-01 1.972910417499999514e-01
1.663000000000000000e+03 8.161958687499998311e-01 3.567134742499998290e-01
1.302000000000000000e+03 9.643287327499999728e-01 2.288146482500000578e-01
1.062000000000000000e+03 1.013277453749999779e+00 1.215623807500000320e-01
3.440000000000000000e+02 9.750486262499996615e-01 2.378213387499999720e-01
2.980000000000000000e+02 1.086121863999999881e+00 7.700510950000001575e-02
1.699000000000000000e+03 5.154789619999999850e-01 6.261013072499995724e-01
5.560000000000000000e+02 9.781824517499999594e-01 1.412758097499999532e-01
7.450000000000000000e+02 7.727802222500000928e-01 4.572151832499998236e-01
1.918000000000000000e+03 9.523840492500001975e-01 1.959525810000000423e-01
1.794000000000000000e+03 1.030357200250000327e+00 7.191645049999999262e-02
2.418000000000000000e+03 1.004237705500000022e+00 1.554809907499999644e-01
2.213000000000000000e+03 1.020851060500000074e+00 1.628380842500000703e-01
1.230000000000000000e+02 9.594365422500000795e-01 1.699999787500000026e-01
2.108000000000000000e+03 1.101842644000000426e+00 9.544695249999998743e-02
1.132000000000000000e+03 8.926131907499996743e-01 3.960652905000001112e-01
1.526000000000000000e+03 9.798489824999997433e-01 2.033224067500000454e-01
2.818000000000000000e+03 1.018399785750000452e+00 1.020169935000000000e-01
2.056000000000000000e+03 9.014052274999997394e-01 2.820542870000001257e-01
1.496000000000000000e+03 1.020688943249999481e+00 1.606723909999999700e-01
1.016000000000000000e+03 1.028975636750000033e+00 1.008320029999999895e-01
8.340000000000000000e+02 9.346514767500003762e-01 2.041423582499999334e-01
2.567000000000000000e+03 9.409987465000004825e-01 1.806901587500000239e-01
6.200000000000000000e+02 6.623362302499998799e-01 4.782295562500000208e-01
1.480000000000000000e+02 3.723223140000000986e-01 8.454867230000001621e-01
2.079860000000000000e+05 1.061702225999999749e+00 1.212294447499999844e-01
1.190000000000000000e+03 1.087934322000000398e+00 1.258618900000000040e-01
4.220000000000000000e+02 1.088887271500000198e+00 1.341000134999999760e-01
1.800000000000000000e+02 1.044628545999999991e+00 1.849204425000000040e-01
2.083570000000000000e+05 9.086266119999997226e-01 3.281566922500000483e-01
2.504000000000000000e+03 1.027948426999999887e+00 1.490441274999999843e-01
4.950000000000000000e+02 1.092220074999999735e+00 1.286457272500000082e-01
2.083040000000000000e+05 6.444414734999999173e-01 5.318944752499998874e-01
1.527000000000000000e+03 9.965800374999999045e-01 1.836114344999999759e-01
7.670000000000000000e+02 1.043518133749999466e+00 1.671406884999999676e-01
2.043070000000000000e+05 9.038702357499996953e-01 3.171425010000000766e-01
1.138000000000000000e+03 3.319514874999998089e-01 8.106490335000001712e-01
5.700000000000000000e+02 5.618871212500000656e-01 5.763704087500000073e-01
8.260000000000000000e+02 9.839810400000001955e-01 2.239416537499999971e-01
1.988170000000000000e+05 9.843760252499995644e-01 1.963128987499999367e-01
2.020000000000000000e+02 1.081447314000000048e+00 9.692109150000000062e-02
2.278000000000000000e+03 1.028339961750000642e+00 1.426835045000000024e-01
1.413000000000000000e+03 5.973537350000002188e-01 5.954067417499998571e-01
2.655000000000000000e+03 7.545821954999998304e-01 3.977762867500001520e-01
9.750000000000000000e+02 6.057600057500001078e-01 5.820417405000001265e-01
2.289000000000000000e+03 9.823662182500008111e-01 2.066661484999999521e-01
1.781000000000000000e+03 4.523592462500000688e-01 7.311393817499998171e-01
1.100000000000000000e+03 1.016381561999999406e+00 1.385181807499999973e-01
2.073290000000000000e+05 4.162478100000001069e-01 7.416280129999999193e-01
1.278000000000000000e+03 9.912611702499997124e-01 1.531075592499999694e-01
1.811000000000000000e+03 7.756346254999995082e-01 3.863444795000000598e-01
1.539000000000000000e+03 1.021541835499999884e+00 1.055976472499999957e-01
2.810000000000000000e+03 5.639450292500000073e-01 6.573674409999998858e-01
2.069250000000000000e+05 1.039589401750000031e+00 1.060802235000000010e-01
2.097000000000000000e+03 1.008603346250000588e+00 2.183044264999999817e-01
1.384000000000000000e+03 1.017749169750000071e+00 7.850132725000001643e-02
2.057760000000000000e+05 1.119552516250000185e+00 1.088816482500000182e-01
2.759000000000000000e+03 4.389033552499998492e-01 7.020810822499999881e-01
1.315000000000000000e+03 1.086338170249999457e+00 1.022727995000000112e-01
2.748000000000000000e+03 9.175944915000001645e-01 2.266191514999999490e-01
8.670000000000000000e+02 5.888149742500000672e-01 7.175539242500001968e-01
1.548000000000000000e+03 9.532814922499996957e-01 2.132780417500000358e-01
1.888000000000000000e+03 1.163756803500000769e+00 8.691717725000000505e-02
1.289000000000000000e+03 1.039331630500000214e+00 1.163810332499999878e-01
2.072010000000000000e+05 1.114419396249999750e+00 8.303844725000000815e-02
1.399000000000000000e+03 9.937278282499998339e-01 1.467925827499999836e-01
1.058000000000000000e+03 3.493019465000000712e-01 7.812291352499999286e-01
8.920000000000000000e+02 4.454371590000000825e-01 7.139266932500001328e-01
2.081290000000000000e+05 9.084555664999997004e-01 2.812050317500000007e-01
1.139000000000000000e+03 1.014319578750000117e+00 1.587150540000000221e-01
2.060490000000000000e+05 9.992418944999998942e-01 2.207366447499999884e-01
1.742000000000000000e+03 9.697169947499998388e-01 1.867600512500000032e-01
5.450000000000000000e+02 8.742221855000005259e-01 1.957319912499999592e-01
1.793000000000000000e+03 6.057629207499998225e-01 5.483083552499998792e-01
1.961000000000000000e+03 1.037350030249999389e+00 1.360526062499999855e-01
2.599000000000000000e+03 6.353911989999996290e-01 4.856378012500000008e-01
1.630000000000000000e+03 9.955266254999997066e-01 1.668290995000000221e-01
1.024000000000000000e+03 5.942242025000001870e-01 5.682472867499999136e-01
2.081850000000000000e+05 9.346480764999999247e-01 2.274913725000000109e-01
8.870000000000000000e+02 9.982319685000001774e-01 1.033629770000000087e-01
2.441000000000000000e+03 9.851498817499999561e-01 1.417268797500000066e-01
4.560000000000000000e+02 5.124232930000000019e-01 6.804300710000001917e-01
2.772000000000000000e+03 8.403879500000001057e-01 3.243251797500000255e-01
1.645000000000000000e+03 9.775169627499997738e-01 2.419786232500000522e-01
1.989000000000000000e+03 4.309926607499999229e-01 8.008709244999998589e-01
6.120000000000000000e+02 9.680646812499996701e-01 2.299693907499999468e-01
2.558000000000000000e+03 1.066418143750000214e+00 1.593164552499999886e-01
2.063760000000000000e+05 9.904960265000004593e-01 1.748322310000000046e-01
8.500000000000000000e+02 1.089645881499999636e+00 1.491013569999999622e-01
1.735000000000000000e+03 2.739123365000000199e-01 8.760429540000002069e-01
2.249000000000000000e+03 1.089696643750000415e+00 8.083894324999998937e-02
1.310000000000000000e+03 1.097937002500000148e+00 9.468501924999998820e-02
1.196000000000000000e+03 4.005790735000001046e-01 7.401967152500000813e-01
3.620000000000000000e+02 9.442870097500000170e-01 1.794934029999999681e-01
2.711000000000000000e+03 9.659945587500002873e-01 2.196934259999999972e-01
7.260000000000000000e+02 3.426366174999999070e-01 8.003217512500001574e-01
5.060000000000000000e+02 1.079688417000000067e+00 5.318297924999999815e-02
4.190000000000000000e+02 1.030069664499999815e+00 8.450001899999999566e-02
2.461000000000000000e+03 1.039088395000000054e+00 9.599428425000000598e-02
7.100000000000000000e+02 4.048008437499999168e-01 6.603730167500001524e-01
2.082510000000000000e+05 8.844827657500000662e-01 2.289206839999999576e-01
2.083000000000000000e+03 9.609733204999993950e-01 1.890543587500000400e-01
2.739000000000000000e+03 4.961616457500002131e-01 6.487695525000000130e-01
2.010000000000000000e+03 5.404122799999999671e-01 6.619446759999996210e-01
2.486000000000000000e+03 9.582168407500003537e-01 2.012357517499999970e-01
7.000000000000000000e+00 8.735079832499996755e-01 2.682038457500000028e-01
2.010000000000000000e+02 9.852970115000002638e-01 1.117513099999999926e-01
2.077950000000000000e+05 6.121137447499999107e-01 5.840542785000000237e-01
6.710000000000000000e+02 4.641449010000002762e-01 7.139886059999999146e-01
4.000000000000000000e+00 1.004185253499999542e+00 1.491432117499999765e-01
1.158000000000000000e+03 9.008070017500003912e-01 2.690141167499999764e-01
1.389000000000000000e+03 1.136232440999999538e+00 6.724732925000001527e-02
1.633000000000000000e+03 3.906912230000000319e-01 7.233843254999998695e-01
2.311000000000000000e+03 1.001548469000000496e+00 2.069917514999999597e-01
1.535000000000000000e+03 9.959023717500001815e-01 1.391045632499999796e-01
3.100000000000000000e+01 3.837871352499998556e-01 8.069931397499997550e-01
2.712000000000000000e+03 1.073731109000000128e+00 1.294863500000000001e-01
1.990000000000000000e+02 9.904247350000000560e-01 1.513472767499999816e-01
1.640000000000000000e+03 9.478580715000001211e-01 1.436641974999999793e-01
2.582000000000000000e+03 5.474718367499998850e-01 6.475113479999997645e-01
5.850000000000000000e+02 5.968397857499999626e-01 5.542471502500001534e-01
9.220000000000000000e+02 4.108477672500001066e-01 7.176385629999996185e-01
3.560000000000000000e+02 8.852347285000004007e-01 2.346935785000000274e-01
1.909000000000000000e+03 1.004205917250000191e+00 1.972166959999999691e-01
2.799000000000000000e+03 8.407510642499997910e-01 3.538568115000000347e-01
8.100000000000000000e+01 7.691251769999994936e-01 3.541070672500000183e-01
2.448000000000000000e+03 4.758566597500002437e-01 6.616859792499998338e-01
3.490000000000000000e+02 5.895080902500001718e-01 5.550850332499998041e-01
1.492000000000000000e+03 1.014294555749999605e+00 1.315044537499999999e-01
2.070000000000000000e+02 9.316662397499999582e-01 2.072001532499999632e-01
2.535000000000000000e+03 6.408377542500002244e-01 5.539663884999999066e-01
6.190000000000000000e+02 1.128297737750000529e+00 8.312489350000001886e-02
1.034000000000000000e+03 9.799974844999997936e-01 1.951016432500000397e-01
2.386000000000000000e+03 9.789308142500000587e-01 1.916811982500000455e-01
1.919000000000000000e+03 1.140821322749999700e+00 1.217400502499999954e-01
1.461000000000000000e+03 6.016656442499999091e-01 5.706321322500000903e-01
1.415000000000000000e+03 4.212473860000001125e-01 6.521626270000000503e-01
2.518000000000000000e+03 5.550715547500000291e-01 5.934678522499999831e-01
2.749000000000000000e+03 1.024116930499999745e+00 1.331160104999999927e-01
2.764000000000000000e+03 7.369916429999999741e-01 4.065901360000001019e-01
2.612000000000000000e+03 9.473347187500000821e-01 2.604440252499999886e-01
2.068100000000000000e+05 6.629620827499994595e-01 4.433219120000000957e-01
6.720000000000000000e+02 4.755061059999998174e-01 6.890077484999995727e-01
2.506000000000000000e+03 8.860846612499998498e-01 2.727749187500000394e-01
1.115000000000000000e+03 1.068778021249999544e+00 9.037012325000000346e-02
1.287000000000000000e+03 6.089015787500000609e-01 5.148690372500001056e-01
8.070000000000000000e+02 9.572360294999995300e-01 2.184861740000000052e-01
1.200000000000000000e+03 9.895116452500000159e-01 2.288161230000000101e-01
2.450000000000000000e+03 9.979669714999994667e-01 1.499314994999999817e-01
5.550000000000000000e+02 1.055617934249999612e+00 1.113461212499999992e-01
2.399000000000000000e+03 1.028641721999999703e+00 1.158544537500000027e-01
8.790000000000000000e+02 6.280382947499999480e-01 6.250231929999999769e-01
2.024150000000000000e+05 1.067230694249999834e+00 1.313011312500000083e-01
2.042290000000000000e+05 1.094514249749999557e+00 1.058506920000000101e-01
2.280000000000000000e+03 6.755357342500000195e-01 5.379432905000000043e-01
2.720000000000000000e+03 9.115489334999997695e-01 2.454617942499999483e-01
2.078000000000000000e+03 9.435673424999999614e-01 1.287513885000000080e-01
2.023070000000000000e+05 6.228888042499998168e-01 5.586680179999998774e-01
1.623000000000000000e+03 6.686591279999997139e-01 5.209305457499999736e-01
2.057490000000000000e+05 1.048556592249999531e+00 1.174092644999999990e-01
2.083010000000000000e+05 5.426763504999998489e-01 6.309019377500001413e-01
1.701000000000000000e+03 1.005588861500000153e+00 1.376816869999999693e-01
