1.518080000000000000e+05 1.101560720749999778e+00 1.027503240000000040e-01
1.531090000000000000e+05 1.086717566749999753e+00 7.241626149999998152e-02
1.585970000000000000e+05 1.078961538250000185e+00 1.195771230000000213e-01
1.565900000000000000e+05 9.793677457499998518e-01 1.805685635000000566e-01
1.584550000000000000e+05 1.036957673500000121e+00 1.535298767499999606e-01
1.602230000000000000e+05 1.061240870750000287e+00 1.030610735000000028e-01
1.565040000000000000e+05 9.730826059999999611e-01 9.033788850000000481e-02
1.537680000000000000e+05 2.530948617499999553e-01 8.553476650000003678e-01
1.598200000000000000e+05 9.433272100000001936e-01 1.782359967499999864e-01
1.579360000000000000e+05 1.004595210750000245e+00 1.205158432499999765e-01
1.603980000000000000e+05 2.594153475000000042e-01 9.198029635000001258e-01
1.489730000000000000e+05 1.037292609249999664e+00 2.117419654999999346e-01
1.596750000000000000e+05 7.780619617499999752e-01 3.760196512500000310e-01
1.567040000000000000e+05 3.419205002500000368e-01 8.032782367499998744e-01
1.582240000000000000e+05 8.628449112499999574e-01 2.265042034999999732e-01
1.603150000000000000e+05 5.173484792499998264e-01 6.402136029999999645e-01
1.578960000000000000e+05 3.441341587500000299e-01 7.787176215000002344e-01
1.593450000000000000e+05 9.802589600000002346e-01 1.549685177500000344e-01
1.579380000000000000e+05 1.150128117499999991e+00 7.018147275000000129e-02
1.481050000000000000e+05 1.105685580249999855e+00 9.429173775000000701e-02
1.525680000000000000e+05 9.205952642500002669e-01 1.427736842500000047e-01
1.597490000000000000e+05 1.020349755499999622e+00 1.170302509999999879e-01
1.554890000000000000e+05 1.072629246750000043e+00 1.046582392500000069e-01
1.501760000000000000e+05 9.389838032500001930e-01 1.385118447500000294e-01
1.553730000000000000e+05 1.006403247999999584e+00 1.644274077500000319e-01
1.503790000000000000e+05 1.125141519250000055e+00 5.174912124999999502e-02
1.601920000000000000e+05 4.682082259999997831e-01 6.673072612499999501e-01
1.592360000000000000e+05 1.164912792499999572e+00 8.018107149999999239e-02
1.576000000000000000e+05 1.060769046500000368e+00 1.060937532499999919e-01
1.594150000000000000e+05 3.389386059999999756e-01 8.203269487499998958e-01
1.546340000000000000e+05 1.031033942749999710e+00 1.061937024999999868e-01
1.461580000000000000e+05 1.021327413999999933e+00 1.214496162499999893e-01
1.547010000000000000e+05 8.965334004999998552e-01 2.100528765000000131e-01
1.601030000000000000e+05 1.113215248499999754e+00 5.479379574999999197e-02
1.591450000000000000e+05 1.108455546999999264e+00 8.158703800000002837e-02
1.601420000000000000e+05 8.309033664999998514e-01 3.398132000000000374e-01
1.490720000000000000e+05 8.917759980000001807e-01 1.463069432499999878e-01
1.594190000000000000e+05 2.640279812499999323e-01 9.230117942500000172e-01
1.574160000000000000e+05 9.907056589999998497e-01 1.627114432499999763e-01
1.589880000000000000e+05 4.616073502499998815e-01 7.288716867499999141e-01
1.575930000000000000e+05 5.014230777499999459e-01 6.890348052500000486e-01
1.577570000000000000e+05 1.708695737500000034e-01 1.061297608999999698e+00
1.578490000000000000e+05 1.032728196249999897e+00 1.276951637500000070e-01
1.596910000000000000e+05 3.908415317499999708e-01 8.303542295000000406e-01
1.581580000000000000e+05 1.074036328749999436e+00 1.526255165000000025e-01
1.595900000000000000e+05 1.111074838249999530e+00 7.455920400000000392e-02
1.598270000000000000e+05 9.287221707499996315e-01 1.853650485000000181e-01
1.588720000000000000e+05 9.436259267500000103e-01 2.382303460000000372e-01
1.601100000000000000e+05 1.026765213500000495e+00 8.359068750000001047e-02
1.573120000000000000e+05 1.120198988000000284e+00 5.897958249999998848e-02
1.605720000000000000e+05 1.004322199250000214e+00 1.362042549999999963e-01
1.595380000000000000e+05 1.028009532000000226e+00 1.350762152499999924e-01
1.514490000000000000e+05 9.546283997499999119e-01 2.065416525000000059e-01
1.577910000000000000e+05 1.009914524249999834e+00 1.788184097500000180e-01
1.562280000000000000e+05 1.129331820999999847e+00 1.070992480000000080e-01
1.488570000000000000e+05 2.600874725000000276e-01 9.104742247500000607e-01
1.532570000000000000e+05 1.014916357000000158e+00 1.469681099999999851e-01
1.581870000000000000e+05 8.837854919999998948e-01 2.687135592499999559e-01
1.600610000000000000e+05 1.043223621000000101e+00 1.610647227499999723e-01
1.584130000000000000e+05 7.286482052500001805e-01 4.178870854999998663e-01
1.595260000000000000e+05 1.019525309749999664e+00 1.682208247499999976e-01
1.481400000000000000e+05 9.951359294999998495e-01 1.411845187500000154e-01
1.561390000000000000e+05 8.923437319999997230e-01 2.030638100000000390e-01
1.601570000000000000e+05 6.519805617500000761e-01 5.232621009999999240e-01
1.593200000000000000e+05 9.968104967499998859e-01 1.211927609999999961e-01
1.594570000000000000e+05 3.295000574999999432e-01 8.714582687500005420e-01
1.533590000000000000e+05 9.862572542500001038e-01 2.160169159999999478e-01
1.604400000000000000e+05 8.393179099999998893e-01 2.849233062500000080e-01
1.574230000000000000e+05 1.145241424999999813e+00 5.737896200000000557e-02
1.601820000000000000e+05 1.028515293250000129e+00 1.271188519999999766e-01
1.565780000000000000e+05 3.996821772499999925e-01 8.196742264999996586e-01
1.527640000000000000e+05 9.414634877499997723e-01 2.116573177500000458e-01
1.577410000000000000e+05 1.001055080749999382e+00 8.044121375000001795e-02
1.603070000000000000e+05 9.623349864999997116e-01 1.826597489999999824e-01
1.581640000000000000e+05 4.038331067500000038e-01 7.183953974999995884e-01
1.549060000000000000e+05 3.361920859999999456e-01 7.866087709999997069e-01
1.576730000000000000e+05 6.030579444999998318e-01 5.342224544999999436e-01
1.521730000000000000e+05 1.012977495250000137e+00 1.152009340000000048e-01
1.584030000000000000e+05 5.722799614999999340e-01 5.425100915000000690e-01
1.581060000000000000e+05 3.135967950000000393e-01 9.241993680000000211e-01
1.466610000000000000e+05 1.046041030500000302e+00 8.878594350000000579e-02
1.588860000000000000e+05 4.657781294999999155e-01 7.573116659999995504e-01
1.536560000000000000e+05 1.133967237749999857e+00 5.613510450000000485e-02
1.540590000000000000e+05 3.578942102500000111e-01 7.412651484999995821e-01
1.571840000000000000e+05 3.804857802499999053e-01 7.166927075000000258e-01
1.569870000000000000e+05 9.573877092499999408e-01 2.051781417500000149e-01
1.585580000000000000e+05 1.016846080749999937e+00 2.241576992499999532e-01
1.605030000000000000e+05 9.414031432500004071e-01 1.976815489999999842e-01
1.580110000000000000e+05 5.008660332500001200e-01 7.216385934999999252e-01
1.589910000000000000e+05 2.695595077499999270e-01 8.600891509999999407e-01
1.533720000000000000e+05 9.499756615000005677e-01 1.979184645000000020e-01
1.595460000000000000e+05 1.032249616749999266e+00 1.264077262499999910e-01
1.588490000000000000e+05 1.039028941500000025e+00 1.148759012499999954e-01
1.572670000000000000e+05 1.307106642499999971e-01 1.071530705750000090e+00
1.590600000000000000e+05 9.276456012500000625e-01 1.640115092499999927e-01
1.574780000000000000e+05 1.047088592249999950e+00 1.567217557499999969e-01
1.532820000000000000e+05 5.391555950000000985e-01 6.494327377499997667e-01
1.569690000000000000e+05 1.140226312500000061e+00 7.084221000000000268e-02
1.562360000000000000e+05 1.048606211499999441e+00 6.598018324999999074e-02
1.564950000000000000e+05 1.127685391750000043e+00 8.170896075000000369e-02
1.593780000000000000e+05 6.776318317500003019e-01 4.638650352499997798e-01
1.584160000000000000e+05 8.678045640000002781e-01 2.626999025000000265e-01
1.589810000000000000e+05 1.039318945749999834e+00 9.605991399999999625e-02
1.597650000000000000e+05 3.087259950000000863e-01 8.167382307499997385e-01
1.599590000000000000e+05 2.883830699999999636e-01 8.500766667500000429e-01
1.598260000000000000e+05 1.054206376499999598e+00 1.335828970000000060e-01
1.594940000000000000e+05 1.083903577249999417e+00 1.247039219999999948e-01
1.562780000000000000e+05 1.137984220500000587e+00 7.104047350000000649e-02
1.528830000000000000e+05 1.065346675999999881e+00 1.061006222499999846e-01
1.575910000000000000e+05 1.082670127000000537e+00 4.743620825000000041e-02
1.553800000000000000e+05 8.221561300000004291e-01 3.916520359999998702e-01
1.588360000000000000e+05 1.026465615000000220e+00 1.390481917500000220e-01
1.521990000000000000e+05 1.030289192000000131e+00 1.812682290000000029e-01
1.438490000000000000e+05 1.188424696249999579e+00 1.352410940000000339e-01
1.585690000000000000e+05 1.021682549000000106e+00 1.238929782500000076e-01
1.579810000000000000e+05 2.855701840000000047e-01 9.650128817500002176e-01
1.522030000000000000e+05 1.071341308250000290e+00 1.270393577499999427e-01
1.586760000000000000e+05 4.013664922500000953e-01 7.516628804999995195e-01
1.576580000000000000e+05 1.071269131750000492e+00 1.641280767499999904e-01
1.581380000000000000e+05 9.824732264999999076e-01 1.463794027500000261e-01
1.584420000000000000e+05 6.720406052499999783e-01 5.736760464999999254e-01
1.565530000000000000e+05 5.075941849999997535e-01 6.015136447500001315e-01
1.567910000000000000e+05 1.057812814999999684e+00 8.196452275000001841e-02
1.518910000000000000e+05 5.751569530000000263e-01 5.592573775000000413e-01
1.454270000000000000e+05 2.610165532500000052e-01 8.488349977499998200e-01
1.550260000000000000e+05 7.543147972499993914e-01 3.474026462500000023e-01
1.597280000000000000e+05 1.136673218749999936e+00 7.463017924999999775e-02
1.592660000000000000e+05 1.026321180999999694e+00 9.414905225000001765e-02
1.458470000000000000e+05 2.235469967500000321e-01 9.203309819999999641e-01
1.594970000000000000e+05 1.066792723499999873e+00 9.100024425000001471e-02
1.553470000000000000e+05 4.805645082500000220e-01 6.646943135000003000e-01
1.548970000000000000e+05 1.020812794250000044e+00 1.291551412500000218e-01
1.556630000000000000e+05 9.771556735000002103e-01 1.681267512500000394e-01
1.415950000000000000e+05 4.724926977500000791e-01 6.731120492500000108e-01
1.546220000000000000e+05 3.277756850000000388e-01 7.677418129999999952e-01
1.574090000000000000e+05 3.485480439999999458e-01 7.669210499999999930e-01
1.596850000000000000e+05 3.727952387499999243e-01 7.684456565000004069e-01
1.605020000000000000e+05 1.093878996749999555e+00 9.809962149999998382e-02
1.484660000000000000e+05 1.011143880749999946e+00 1.181444505000000117e-01
1.588100000000000000e+05 1.033995844999999747e+00 1.212709849999999839e-01
1.573280000000000000e+05 3.723669649999999387e-01 7.322044475000000219e-01
1.556530000000000000e+05 7.732227252500001313e-01 3.332510194999999675e-01
1.564560000000000000e+05 3.100757002499999748e-01 8.455522169999998283e-01
1.602520000000000000e+05 9.771309939999995864e-01 1.365957489999999885e-01
1.605410000000000000e+05 1.061667068250000234e+00 1.235356537500000018e-01
1.532360000000000000e+05 3.729594792500001699e-01 8.436843512499998532e-01
1.565190000000000000e+05 1.103374310000000191e+00 1.101132867500000251e-01
1.586610000000000000e+05 7.911192340000000600e-01 4.498902772499999703e-01
1.565310000000000000e+05 3.473690979999999873e-01 7.647283635000003965e-01
1.603180000000000000e+05 1.047370300249999664e+00 9.496777125000001318e-02
1.565880000000000000e+05 1.041515566999999587e+00 1.728085287499999678e-01
1.568880000000000000e+05 6.864269487499998768e-01 4.201926500000000564e-01
1.581900000000000000e+05 9.385707282499996529e-01 2.370571597499999683e-01
1.546570000000000000e+05 9.294896882500000013e-01 3.026349375000000341e-01
1.467200000000000000e+05 4.094853257500001842e-01 7.087117729999998783e-01
1.563090000000000000e+05 5.152629969999998893e-01 6.583886762499998602e-01
1.604200000000000000e+05 1.087024618249999852e+00 1.444290195000000332e-01
1.551340000000000000e+05 9.707921100000002079e-01 1.678510342500000030e-01
1.369390000000000000e+05 1.056492592000000119e+00 1.654417794999999969e-01
1.596620000000000000e+05 1.187706519499999613e+00 5.374420899999999418e-02
1.601110000000000000e+05 1.039168829500000335e+00 7.479673500000001696e-02
1.575420000000000000e+05 1.047237137499999804e+00 1.356502437500000102e-01
1.566420000000000000e+05 3.671146380000001042e-01 7.625544377499998694e-01
1.584070000000000000e+05 1.084018498249999407e+00 5.245788899999999366e-02
1.527430000000000000e+05 1.120573273250000224e+00 4.199530274999999785e-02
1.443550000000000000e+05 1.069377994000000331e+00 9.700126749999998799e-02
1.596320000000000000e+05 4.270609130000000420e-01 7.004576734999995447e-01
1.567320000000000000e+05 2.902400892499999441e-01 8.315160592500001613e-01
1.602610000000000000e+05 1.109933962249999739e+00 8.818807675000001067e-02
1.564850000000000000e+05 4.035965049999999943e-01 7.937721250000002726e-01
1.593790000000000000e+05 5.731872844999997829e-01 5.484385602499999290e-01
1.578750000000000000e+05 9.840127167500002381e-01 1.199497262500000133e-01
1.590490000000000000e+05 3.196070315000000828e-01 7.839909472499999588e-01
1.531330000000000000e+05 1.064517107999999768e+00 1.196777144999999903e-01
1.604490000000000000e+05 2.459788252499999772e-01 8.885687889999998035e-01
1.562450000000000000e+05 9.866834894999999550e-01 1.386282449999999833e-01
1.460040000000000000e+05 9.568238027500000076e-01 2.680946499999999899e-01
1.605290000000000000e+05 5.927825567500001336e-01 5.678115987499999795e-01
1.592620000000000000e+05 1.100750560749999885e+00 1.041148752499999885e-01
1.561060000000000000e+05 1.074415301499999975e+00 9.693889549999998301e-02
1.593430000000000000e+05 4.492733525000000561e-01 7.193631759999995490e-01
1.589230000000000000e+05 9.904812069999997526e-01 1.575749905000000395e-01
1.572070000000000000e+05 2.431299494999999977e-01 8.874926667499998256e-01
1.569490000000000000e+05 1.017423979749999763e+00 2.201977932499999957e-01
1.600810000000000000e+05 1.080155716750000439e+00 1.663410825000000148e-01
1.561840000000000000e+05 1.040317833250000490e+00 1.290373152500000065e-01
1.596060000000000000e+05 5.583454207499997102e-01 5.289208695000002791e-01
1.598490000000000000e+05 1.102327866749999608e+00 4.216349574999999489e-02
1.605460000000000000e+05 1.119159582500000250e+00 5.991471625000000661e-02
1.547940000000000000e+05 2.703150692499999286e-01 9.035311474999999648e-01
1.577950000000000000e+05 1.111715244249999790e+00 7.140182575000002252e-02
1.567180000000000000e+05 4.394216422499999108e-01 7.266913879999997716e-01
1.557220000000000000e+05 4.391794052499999323e-01 7.392973102499998950e-01
1.605190000000000000e+05 3.069047039999999726e-01 8.430383242499996932e-01
1.586790000000000000e+05 2.947539177499999830e-01 8.313744929999997701e-01
1.561850000000000000e+05 2.640028304999999520e-01 9.150024947499996175e-01
1.512230000000000000e+05 9.962514615000002127e-01 1.627100139999999862e-01
1.577220000000000000e+05 7.855519090000001592e-01 3.209419667500000295e-01
1.551630000000000000e+05 1.042395026249999690e+00 6.087405099999999847e-02
1.446630000000000000e+05 1.156144443500000119e+00 4.912659774999999368e-02
