1.398916264047550612e+04 1.550000000000000000e+03
1.450190463352745246e+04 2.803000000000000000e+03
1.767039079651005886e+04 3.526000000000000000e+03
1.599354929992819962e+04 9.920000000000000000e+02
1.344966140750457816e+04 6.710000000000000000e+02
1.647323353097368818e+04 1.114000000000000000e+03
1.470873326072857162e+04 3.439000000000000000e+03
1.459371613728572265e+04 3.088000000000000000e+03
1.510768490578478486e+04 8.720000000000000000e+02
1.581699868691509255e+04 2.367000000000000000e+03
1.605172810463574933e+04 2.156000000000000000e+03
1.463132875913520184e+04 1.725600000000000000e+04
1.679591817597399495e+04 1.105000000000000000e+03
1.362480392349534486e+04 3.399000000000000000e+03
1.482699486168162002e+04 2.006000000000000000e+03
1.469153148247116587e+04 2.054000000000000000e+03
1.531212072894484481e+04 1.753100000000000000e+04
1.399944086673883976e+04 2.190000000000000000e+03
1.601966428676558280e+04 3.441000000000000000e+03
1.469897043639021467e+04 2.725000000000000000e+03
1.573406464838754255e+04 1.900000000000000000e+03
1.369295941124375167e+04 2.489000000000000000e+03
1.547664669002836672e+04 1.668200000000000000e+04
1.522125914106899108e+04 2.457000000000000000e+03
1.442556233937169054e+04 1.525800000000000000e+04
1.346089113824813830e+04 2.530000000000000000e+02
1.601800487338813400e+04 2.370000000000000000e+03
1.394196516898836126e+04 1.345000000000000000e+03
1.457299132979514798e+04 2.989000000000000000e+03
1.198256653378087503e+04 2.907000000000000000e+03
1.345717089404983017e+04 1.654000000000000000e+03
1.607044479305749519e+04 1.035000000000000000e+03
1.420265101455454533e+04 4.190000000000000000e+02
1.490015379080307866e+04 3.285000000000000000e+03
1.623534336133548277e+04 1.036000000000000000e+03
1.285031558797197977e+04 5.000000000000000000e+02
1.582710912652017214e+04 2.320000000000000000e+02
1.636673990875188247e+04 2.491000000000000000e+03
1.396948534610688694e+04 3.343000000000000000e+03
1.678672719710543606e+04 2.086000000000000000e+03
1.558972979903544910e+04 2.971000000000000000e+03
1.578194938504402307e+04 1.147000000000000000e+03
1.416134091319155777e+04 9.020000000000000000e+02
1.598075781525557250e+04 2.926000000000000000e+03
1.388292886585262022e+04 3.181000000000000000e+03
1.592777144188861894e+04 3.034000000000000000e+03
1.283161313897225227e+04 1.600000000000000000e+02
1.610835747434514815e+04 8.300000000000000000e+02
1.067761261412593922e+04 9.720000000000000000e+02
1.390422424967116604e+04 1.503700000000000000e+04
1.317387319360070251e+04 5.100000000000000000e+01
1.445551489721149665e+04 5.200000000000000000e+02
1.706057558523557600e+04 1.961000000000000000e+03
1.404986127785586723e+04 1.451000000000000000e+03
1.393491253544705796e+04 1.747300000000000000e+04
1.650364757855825519e+04 2.643000000000000000e+03
1.399013370261976888e+04 3.000000000000000000e+00
1.562102578449181419e+04 6.620000000000000000e+02
1.515506341177890317e+04 2.185000000000000000e+03
9.395671660688673001e+03 1.719000000000000000e+03
1.612671381822476542e+04 1.999000000000000000e+03
1.516850548683990382e+04 1.758700000000000000e+04
1.444425852776215288e+04 1.427000000000000000e+03
1.572549481679285236e+04 1.602000000000000000e+03
1.609909503265472813e+04 1.332000000000000000e+03
1.490145348677207585e+04 3.459000000000000000e+03
1.541137605657594395e+04 3.057000000000000000e+03
1.606074974840106916e+04 1.566000000000000000e+03
1.477670784938602264e+04 1.667400000000000000e+04
1.652590145563292754e+04 1.740000000000000000e+03
1.418263160088324548e+04 3.530000000000000000e+02
1.533077691552878605e+04 1.582900000000000000e+04
1.537643260781484241e+04 1.490000000000000000e+02
1.548345083391969274e+04 5.410000000000000000e+02
1.369593138570060728e+04 1.761200000000000000e+04
1.476245234040584910e+04 3.086000000000000000e+03
1.582913502532259372e+04 3.074000000000000000e+03
1.687052635994062075e+04 1.548900000000000000e+04
1.560193370823449914e+04 9.840000000000000000e+02
1.664129139496006974e+04 2.830000000000000000e+03
1.422798538134168120e+04 3.272000000000000000e+03
1.790343076313592974e+04 2.472000000000000000e+03
1.487839610988942331e+04 1.750000000000000000e+04
1.631195115414310021e+04 8.870000000000000000e+02
1.639496128017710726e+04 1.889000000000000000e+03
1.683802573948137797e+04 2.409000000000000000e+03
1.463722222797411450e+04 1.096000000000000000e+03
8.613826616435389951e+03 1.238000000000000000e+03
1.421337314231362689e+04 1.045000000000000000e+03
1.587192116376488229e+04 3.283000000000000000e+03
1.595146378221423947e+04 9.900000000000000000e+02
1.452195621008755552e+04 2.315000000000000000e+03
1.590514633101682921e+04 2.003000000000000000e+03
1.628402236770735180e+04 3.108000000000000000e+03
1.348156259918346223e+04 1.584000000000000000e+03
1.461288450782014297e+04 2.822000000000000000e+03
1.611556856964205144e+04 1.364000000000000000e+03
1.523970960210422527e+04 1.172000000000000000e+03
1.531544103763480234e+04 1.504000000000000000e+03
1.463877174665767598e+04 1.766000000000000000e+03
