6.521000000000000000e+03 0.000000000000000000e+00 1.000000000000000000e+00
9.005000000000000000e+03 0.000000000000000000e+00 2.000000000000000000e+00
8.842000000000000000e+03 0.000000000000000000e+00 2.000000000000000000e+00
4.136000000000000000e+03 1.000000000000000000e+00 0.000000000000000000e+00
8.544000000000000000e+03 2.000000000000000000e+00 0.000000000000000000e+00
5.128000000000000000e+03 0.000000000000000000e+00 1.000000000000000000e+00
5.656000000000000000e+03 0.000000000000000000e+00 1.000000000000000000e+00
8.945000000000000000e+03 5.000000000000000000e-01 1.500000000000000000e+00
5.414000000000000000e+03 0.000000000000000000e+00 1.000000000000000000e+00
4.228000000000000000e+03 0.000000000000000000e+00 1.000000000000000000e+00
4.379000000000000000e+03 1.000000000000000000e+00 0.000000000000000000e+00
6.836000000000000000e+03 0.000000000000000000e+00 1.000000000000000000e+00
6.011000000000000000e+03 0.000000000000000000e+00 1.000000000000000000e+00
7.205000000000000000e+03 0.000000000000000000e+00 1.000000000000000000e+00
8.508000000000000000e+03 2.000000000000000000e+00 0.000000000000000000e+00
7.361000000000000000e+03 0.000000000000000000e+00 1.000000000000000000e+00
8.342000000000000000e+03 0.000000000000000000e+00 1.000000000000000000e+00
5.560000000000000000e+03 0.000000000000000000e+00 1.000000000000000000e+00
8.058000000000000000e+03 0.000000000000000000e+00 1.000000000000000000e+00
6.197000000000000000e+03 1.000000000000000000e+00 0.000000000000000000e+00
5.980000000000000000e+03 0.000000000000000000e+00 1.000000000000000000e+00
8.193000000000000000e+03 0.000000000000000000e+00 1.000000000000000000e+00
8.391000000000000000e+03 0.000000000000000000e+00 1.000000000000000000e+00
6.299000000000000000e+03 1.000000000000000000e+00 0.000000000000000000e+00
6.743000000000000000e+03 1.000000000000000000e+00 0.000000000000000000e+00
5.533000000000000000e+03 0.000000000000000000e+00 1.000000000000000000e+00
3.872000000000000000e+03 1.000000000000000000e+00 0.000000000000000000e+00
4.988000000000000000e+03 1.000000000000000000e+00 0.000000000000000000e+00
5.959000000000000000e+03 1.000000000000000000e+00 0.000000000000000000e+00
8.338000000000000000e+03 0.000000000000000000e+00 1.000000000000000000e+00
8.697000000000000000e+03 0.000000000000000000e+00 2.000000000000000000e+00
8.825000000000000000e+03 0.000000000000000000e+00 2.000000000000000000e+00
6.705000000000000000e+03 0.000000000000000000e+00 1.000000000000000000e+00
5.199000000000000000e+03 1.000000000000000000e+00 0.000000000000000000e+00
3.210000000000000000e+03 0.000000000000000000e+00 1.000000000000000000e+00
5.934000000000000000e+03 1.000000000000000000e+00 0.000000000000000000e+00
5.492000000000000000e+03 1.000000000000000000e+00 0.000000000000000000e+00
3.614000000000000000e+03 1.000000000000000000e+00 0.000000000000000000e+00
7.028000000000000000e+03 0.000000000000000000e+00 1.000000000000000000e+00
8.525000000000000000e+03 0.000000000000000000e+00 2.000000000000000000e+00
5.207000000000000000e+03 1.000000000000000000e+00 0.000000000000000000e+00
6.247000000000000000e+03 1.000000000000000000e+00 0.000000000000000000e+00
5.501000000000000000e+03 1.000000000000000000e+00 0.000000000000000000e+00
6.645000000000000000e+03 1.000000000000000000e+00 0.000000000000000000e+00
4.157000000000000000e+03 0.000000000000000000e+00 1.000000000000000000e+00
9.051000000000000000e+03 2.000000000000000000e+00 0.000000000000000000e+00
6.552000000000000000e+03 1.000000000000000000e+00 0.000000000000000000e+00
6.991000000000000000e+03 0.000000000000000000e+00 1.000000000000000000e+00
8.626000000000000000e+03 2.000000000000000000e+00 0.000000000000000000e+00
4.433000000000000000e+03 1.000000000000000000e+00 0.000000000000000000e+00
3.827000000000000000e+03 1.000000000000000000e+00 0.000000000000000000e+00
8.826000000000000000e+03 2.000000000000000000e+00 0.000000000000000000e+00
9.006000000000000000e+03 2.000000000000000000e+00 0.000000000000000000e+00
4.648000000000000000e+03 0.000000000000000000e+00 1.000000000000000000e+00
9.127000000000000000e+03 0.000000000000000000e+00 2.000000000000000000e+00
3.592000000000000000e+03 0.000000000000000000e+00 1.000000000000000000e+00
4.068000000000000000e+03 0.000000000000000000e+00 1.000000000000000000e+00
7.391000000000000000e+03 0.000000000000000000e+00 1.000000000000000000e+00
5.390000000000000000e+03 1.000000000000000000e+00 0.000000000000000000e+00
6.012000000000000000e+03 1.000000000000000000e+00 0.000000000000000000e+00
4.053000000000000000e+03 1.000000000000000000e+00 0.000000000000000000e+00
9.042000000000000000e+03 2.000000000000000000e+00 0.000000000000000000e+00
6.895000000000000000e+03 0.000000000000000000e+00 1.000000000000000000e+00
9.031000000000000000e+03 5.000000000000000000e-01 1.500000000000000000e+00
8.818000000000000000e+03 2.000000000000000000e+00 0.000000000000000000e+00
7.631000000000000000e+03 0.000000000000000000e+00 1.000000000000000000e+00
8.853000000000000000e+03 0.000000000000000000e+00 2.000000000000000000e+00
5.871000000000000000e+03 0.000000000000000000e+00 1.000000000000000000e+00
5.854000000000000000e+03 1.000000000000000000e+00 0.000000000000000000e+00
6.737000000000000000e+03 1.000000000000000000e+00 0.000000000000000000e+00
9.054000000000000000e+03 2.000000000000000000e+00 0.000000000000000000e+00
8.960000000000000000e+03 2.000000000000000000e+00 0.000000000000000000e+00
8.523000000000000000e+03 2.000000000000000000e+00 0.000000000000000000e+00
3.491000000000000000e+03 1.000000000000000000e+00 0.000000000000000000e+00
2.994000000000000000e+03 1.000000000000000000e+00 0.000000000000000000e+00
6.047000000000000000e+03 1.000000000000000000e+00 0.000000000000000000e+00
3.784000000000000000e+03 1.000000000000000000e+00 0.000000000000000000e+00
8.752000000000000000e+03 2.000000000000000000e+00 0.000000000000000000e+00
5.768000000000000000e+03 0.000000000000000000e+00 1.000000000000000000e+00
3.554000000000000000e+03 0.000000000000000000e+00 1.000000000000000000e+00
5.039000000000000000e+03 0.000000000000000000e+00 1.000000000000000000e+00
8.326000000000000000e+03 1.000000000000000000e+00 0.000000000000000000e+00
5.857000000000000000e+03 0.000000000000000000e+00 1.000000000000000000e+00
9.137000000000000000e+03 2.000000000000000000e+00 0.000000000000000000e+00
4.712000000000000000e+03 0.000000000000000000e+00 1.000000000000000000e+00
7.692000000000000000e+03 0.000000000000000000e+00 1.000000000000000000e+00
6.127000000000000000e+03 1.000000000000000000e+00 0.000000000000000000e+00
8.679000000000000000e+03 2.000000000000000000e+00 0.000000000000000000e+00
8.814000000000000000e+03 2.000000000000000000e+00 0.000000000000000000e+00
6.027000000000000000e+03 1.000000000000000000e+00 0.000000000000000000e+00
4.445000000000000000e+03 0.000000000000000000e+00 1.000000000000000000e+00
7.676000000000000000e+03 1.000000000000000000e+00 0.000000000000000000e+00
3.140000000000000000e+03 0.000000000000000000e+00 1.000000000000000000e+00
8.379000000000000000e+03 0.000000000000000000e+00 1.000000000000000000e+00
3.019000000000000000e+03 1.000000000000000000e+00 0.000000000000000000e+00
7.197000000000000000e+03 1.000000000000000000e+00 0.000000000000000000e+00
6.812000000000000000e+03 1.000000000000000000e+00 0.000000000000000000e+00
5.375000000000000000e+03 0.000000000000000000e+00 1.000000000000000000e+00
8.269000000000000000e+03 0.000000000000000000e+00 1.000000000000000000e+00
4.270000000000000000e+03 1.000000000000000000e+00 0.000000000000000000e+00
6.878000000000000000e+03 1.000000000000000000e+00 0.000000000000000000e+00
5.729000000000000000e+03 0.000000000000000000e+00 1.000000000000000000e+00
6.266000000000000000e+03 0.000000000000000000e+00 1.000000000000000000e+00
5.332000000000000000e+03 1.000000000000000000e+00 0.000000000000000000e+00
8.454000000000000000e+03 1.000000000000000000e+00 0.000000000000000000e+00
4.625000000000000000e+03 0.000000000000000000e+00 1.000000000000000000e+00
3.474000000000000000e+03 1.000000000000000000e+00 0.000000000000000000e+00
8.843000000000000000e+03 0.000000000000000000e+00 2.000000000000000000e+00
5.464000000000000000e+03 0.000000000000000000e+00 1.000000000000000000e+00
9.062000000000000000e+03 2.000000000000000000e+00 0.000000000000000000e+00
2.917000000000000000e+03 0.000000000000000000e+00 1.000000000000000000e+00
6.605000000000000000e+03 0.000000000000000000e+00 1.000000000000000000e+00
4.015000000000000000e+03 1.000000000000000000e+00 0.000000000000000000e+00
3.184000000000000000e+03 0.000000000000000000e+00 1.000000000000000000e+00
4.450000000000000000e+03 0.000000000000000000e+00 1.000000000000000000e+00
6.804000000000000000e+03 0.000000000000000000e+00 1.000000000000000000e+00
3.118000000000000000e+03 1.000000000000000000e+00 0.000000000000000000e+00
8.407000000000000000e+03 1.000000000000000000e+00 0.000000000000000000e+00
8.796000000000000000e+03 0.000000000000000000e+00 2.000000000000000000e+00
5.858000000000000000e+03 1.000000000000000000e+00 0.000000000000000000e+00
8.944000000000000000e+03 2.000000000000000000e+00 0.000000000000000000e+00
4.295000000000000000e+03 1.000000000000000000e+00 0.000000000000000000e+00
6.105000000000000000e+03 1.000000000000000000e+00 0.000000000000000000e+00
5.453000000000000000e+03 1.000000000000000000e+00 0.000000000000000000e+00
3.911000000000000000e+03 1.000000000000000000e+00 0.000000000000000000e+00
5.772000000000000000e+03 1.000000000000000000e+00 0.000000000000000000e+00
5.738000000000000000e+03 0.000000000000000000e+00 1.000000000000000000e+00
8.024000000000000000e+03 0.000000000000000000e+00 1.000000000000000000e+00
8.862000000000000000e+03 2.000000000000000000e+00 0.000000000000000000e+00
8.125000000000000000e+03 0.000000000000000000e+00 1.000000000000000000e+00
6.792000000000000000e+03 0.000000000000000000e+00 1.000000000000000000e+00
3.924000000000000000e+03 1.000000000000000000e+00 0.000000000000000000e+00
9.021000000000000000e+03 2.000000000000000000e+00 0.000000000000000000e+00
3.689000000000000000e+03 0.000000000000000000e+00 1.000000000000000000e+00
6.660000000000000000e+03 0.000000000000000000e+00 1.000000000000000000e+00
6.343000000000000000e+03 0.000000000000000000e+00 1.000000000000000000e+00
3.940000000000000000e+03 0.000000000000000000e+00 1.000000000000000000e+00
2.931000000000000000e+03 1.000000000000000000e+00 0.000000000000000000e+00
3.317000000000000000e+03 1.000000000000000000e+00 0.000000000000000000e+00
8.992000000000000000e+03 1.500000000000000000e+00 5.000000000000000000e-01
8.668000000000000000e+03 0.000000000000000000e+00 2.000000000000000000e+00
7.185000000000000000e+03 1.000000000000000000e+00 0.000000000000000000e+00
4.462000000000000000e+03 1.000000000000000000e+00 0.000000000000000000e+00
8.802000000000000000e+03 0.000000000000000000e+00 2.000000000000000000e+00
5.645000000000000000e+03 1.000000000000000000e+00 0.000000000000000000e+00
7.470000000000000000e+03 0.000000000000000000e+00 1.000000000000000000e+00
2.991000000000000000e+03 1.000000000000000000e+00 0.000000000000000000e+00
8.727000000000000000e+03 2.000000000000000000e+00 0.000000000000000000e+00
3.685000000000000000e+03 0.000000000000000000e+00 1.000000000000000000e+00
4.213000000000000000e+03 1.000000000000000000e+00 0.000000000000000000e+00
4.357000000000000000e+03 0.000000000000000000e+00 1.000000000000000000e+00
8.328000000000000000e+03 1.000000000000000000e+00 0.000000000000000000e+00
7.399000000000000000e+03 1.000000000000000000e+00 0.000000000000000000e+00
8.144000000000000000e+03 1.000000000000000000e+00 0.000000000000000000e+00
5.424000000000000000e+03 0.000000000000000000e+00 1.000000000000000000e+00
3.839000000000000000e+03 0.000000000000000000e+00 1.000000000000000000e+00
8.589000000000000000e+03 2.000000000000000000e+00 0.000000000000000000e+00
4.787000000000000000e+03 0.000000000000000000e+00 1.000000000000000000e+00
6.578000000000000000e+03 0.000000000000000000e+00 1.000000000000000000e+00
6.206000000000000000e+03 1.000000000000000000e+00 0.000000000000000000e+00
4.178000000000000000e+03 1.000000000000000000e+00 0.000000000000000000e+00
4.925000000000000000e+03 0.000000000000000000e+00 1.000000000000000000e+00
3.863000000000000000e+03 0.000000000000000000e+00 1.000000000000000000e+00
6.591000000000000000e+03 1.000000000000000000e+00 0.000000000000000000e+00
3.081000000000000000e+03 0.000000000000000000e+00 1.000000000000000000e+00
3.051000000000000000e+03 1.000000000000000000e+00 0.000000000000000000e+00
6.372000000000000000e+03 1.000000000000000000e+00 0.000000000000000000e+00
8.928000000000000000e+03 0.000000000000000000e+00 2.000000000000000000e+00
5.470000000000000000e+03 1.000000000000000000e+00 0.000000000000000000e+00
9.064000000000000000e+03 0.000000000000000000e+00 2.000000000000000000e+00
6.817000000000000000e+03 1.000000000000000000e+00 0.000000000000000000e+00
4.100000000000000000e+03 1.000000000000000000e+00 0.000000000000000000e+00
3.338000000000000000e+03 0.000000000000000000e+00 1.000000000000000000e+00
9.058000000000000000e+03 0.000000000000000000e+00 2.000000000000000000e+00
8.606000000000000000e+03 2.000000000000000000e+00 0.000000000000000000e+00
5.878000000000000000e+03 0.000000000000000000e+00 1.000000000000000000e+00
8.890000000000000000e+03 0.000000000000000000e+00 2.000000000000000000e+00
4.050000000000000000e+03 1.000000000000000000e+00 0.000000000000000000e+00
7.204000000000000000e+03 0.000000000000000000e+00 1.000000000000000000e+00
8.658000000000000000e+03 2.000000000000000000e+00 0.000000000000000000e+00
6.089000000000000000e+03 1.000000000000000000e+00 0.000000000000000000e+00
6.169000000000000000e+03 0.000000000000000000e+00 1.000000000000000000e+00
6.215000000000000000e+03 0.000000000000000000e+00 1.000000000000000000e+00
8.636000000000000000e+03 2.000000000000000000e+00 0.000000000000000000e+00
4.767000000000000000e+03 0.000000000000000000e+00 1.000000000000000000e+00
4.837000000000000000e+03 0.000000000000000000e+00 1.000000000000000000e+00
5.499000000000000000e+03 1.000000000000000000e+00 0.000000000000000000e+00
6.728000000000000000e+03 1.000000000000000000e+00 0.000000000000000000e+00
6.769000000000000000e+03 0.000000000000000000e+00 1.000000000000000000e+00
7.945000000000000000e+03 0.000000000000000000e+00 1.000000000000000000e+00
5.564000000000000000e+03 1.000000000000000000e+00 0.000000000000000000e+00
6.065000000000000000e+03 1.000000000000000000e+00 0.000000000000000000e+00
8.552000000000000000e+03 2.000000000000000000e+00 0.000000000000000000e+00
5.892000000000000000e+03 1.000000000000000000e+00 0.000000000000000000e+00
7.107000000000000000e+03 0.000000000000000000e+00 1.000000000000000000e+00
7.237000000000000000e+03 1.000000000000000000e+00 0.000000000000000000e+00
3.583000000000000000e+03 0.000000000000000000e+00 1.000000000000000000e+00
4.355000000000000000e+03 0.000000000000000000e+00 1.000000000000000000e+00
7.765000000000000000e+03 0.000000000000000000e+00 1.000000000000000000e+00
7.139000000000000000e+03 1.000000000000000000e+00 0.000000000000000000e+00
