1.105750000000000000e+05 1.046972303500000034e+00 1.010367897500000084e-01
1.030980000000000000e+05 2.371003717499999552e-01 9.966810147499999273e-01
1.109720000000000000e+05 1.640886187499999982e-01 1.038883418500000433e+00
1.075900000000000000e+05 2.579651730000000476e-01 9.908609269999999469e-01
1.104760000000000000e+05 1.115810323000000270e+00 5.548418824999999666e-02
9.880100000000000000e+04 1.495232089999999903e-01 1.034920443999999939e+00
1.050940000000000000e+05 9.787960894999999661e-01 1.246758114999999834e-01
1.093350000000000000e+05 7.375822357499997040e-01 5.065750924999999905e-01
1.042980000000000000e+05 1.558792285000000222e-01 1.101297316249999936e+00
1.044340000000000000e+05 1.097848083749999759e+00 5.589115675000000394e-02
9.794000000000000000e+04 1.464037494999999856e-01 9.694417479999999365e-01
1.057030000000000000e+05 1.156324640999999875e+00 1.373056589999999966e-01
1.081910000000000000e+05 2.812298575000000689e-01 8.053585139999996922e-01
1.089710000000000000e+05 3.649930570000000096e-01 8.234116174999998039e-01
1.019110000000000000e+05 1.080367148249999909e+00 3.231424774999999694e-02
1.105500000000000000e+05 1.905992517500000039e-01 9.733699357500000815e-01
9.902600000000000000e+04 6.140757962499999723e-01 5.617750057499999450e-01
1.108570000000000000e+05 1.091889347250000419e+00 5.300907225000000417e-02
1.078190000000000000e+05 1.176933218750000121e+00 4.115602349999999965e-02
1.023440000000000000e+05 8.974930667500002901e-01 2.489224247500000098e-01
1.071540000000000000e+05 6.435027897499999705e-01 5.894204342500001248e-01
1.108040000000000000e+05 1.007928487999999900e+00 1.100185072499999944e-01
1.093190000000000000e+05 1.506796862499999723e-01 1.053170208000000052e+00
9.291000000000000000e+04 1.078771782999999651e+00 3.583181425000000336e-02
1.058110000000000000e+05 9.858520974999999964e-02 1.055732816750000191e+00
1.109870000000000000e+05 9.998158247500001927e-01 5.749290625000000321e-02
1.108080000000000000e+05 1.595995190000000230e-01 1.061068148250000176e+00
1.078900000000000000e+05 1.013436464999999842e+00 1.544286042500000455e-01
1.090060000000000000e+05 1.064765804750000155e+00 4.909689450000000871e-02
9.454500000000000000e+04 6.297755697500002636e-01 5.234614197500000454e-01
1.038130000000000000e+05 7.462016597499998571e-01 4.361333330000000674e-01
1.081790000000000000e+05 1.007913005499999626e+00 2.017207762500000112e-01
1.085980000000000000e+05 1.099016067250000450e+00 1.736563417499999984e-01
1.041510000000000000e+05 9.873883764999999979e-01 1.080740149999999955e-01
1.109840000000000000e+05 1.117825213999999789e+00 2.055298800000000120e-02
1.107520000000000000e+05 1.080796712000000159e+00 1.146558939999999943e-01
1.098320000000000000e+05 2.007580325000000165e-01 8.981524709999998413e-01
1.088190000000000000e+05 1.108792291749999714e+00 4.794294275000000188e-02
1.057160000000000000e+05 1.172833951999999957e+00 1.386805425000000036e-01
1.097990000000000000e+05 1.077587638499999834e+00 9.230613299999998467e-02
9.817000000000000000e+04 9.882545462499998656e-01 2.223177392500000071e-01
1.058720000000000000e+05 2.608324732499999743e-01 8.006448655000000247e-01
9.884700000000000000e+04 1.118509565499999914e+00 4.517358574999999488e-02
1.105220000000000000e+05 1.027907622499999896e+00 1.106776327500000046e-01
1.045930000000000000e+05 3.478242482499999122e-01 8.163688982499999192e-01
1.059560000000000000e+05 3.104188462499999912e-01 8.323928952500002643e-01
1.098460000000000000e+05 6.661256510000000963e-01 5.923810487499998612e-01
1.076030000000000000e+05 1.140678706499999473e+00 1.547420475000000073e-01
9.695000000000000000e+04 1.051597242750000216e+00 1.556015087499999783e-01
1.062040000000000000e+05 2.649587897499999789e-01 8.178690162500001914e-01
1.059400000000000000e+05 6.850286312500001307e-01 5.354939732500000327e-01
1.106710000000000000e+05 4.908690922499998610e-01 7.008026267500003792e-01
1.067020000000000000e+05 1.496693319999999883e-01 1.104549686749999760e+00
1.066160000000000000e+05 1.120987953999999176e+00 3.354370849999999821e-02
1.037000000000000000e+05 2.441827059999999994e-01 8.919463144999997262e-01
1.107240000000000000e+05 9.763192472499996333e-01 1.595849032500000209e-01
1.064080000000000000e+05 1.173982625250000078e+00 4.174552349999999940e-02
1.089280000000000000e+05 1.067122786500000142e+00 9.067899925000000305e-02
1.109570000000000000e+05 1.121764449500000094e+00 9.422886699999999394e-02
1.042720000000000000e+05 1.125203267750000125e+00 4.471270199999999306e-02
1.028050000000000000e+05 1.085289235250000095e+00 7.423795999999999173e-02
1.059530000000000000e+05 8.826625235000000735e-01 2.492784424999999748e-01
1.065100000000000000e+05 2.890886924999999663e-01 9.538522997500001877e-01
1.101880000000000000e+05 1.082523959499999577e+00 7.602231849999999125e-02
1.104430000000000000e+05 5.399846862499999567e-01 6.821163210000000809e-01
1.089240000000000000e+05 9.812471159999998083e-01 1.162521400000000038e-01
1.107050000000000000e+05 1.099906843000000078e+00 8.528824324999996487e-02
1.037480000000000000e+05 1.113438017250000023e+00 3.382674500000000181e-03
1.064010000000000000e+05 1.003262428250000227e+00 2.124486110000000094e-01
1.088780000000000000e+05 1.088963044250000234e+00 7.202628249999999677e-02
1.061250000000000000e+05 1.135057200750000383e+00 5.369903925000000383e-02
1.073980000000000000e+05 7.658386097500000655e-01 4.608135962500000127e-01
1.105590000000000000e+05 1.130719934499999857e+00 1.238910022499999930e-01
1.006510000000000000e+05 9.089020807499998966e-01 2.039408624999999864e-01
1.075860000000000000e+05 1.225045274999999878e-01 1.002132369499999953e+00
1.103180000000000000e+05 1.069783892500000055e+00 1.049399710000000069e-01
1.004930000000000000e+05 1.074297658249999898e+00 9.135659074999999407e-02
1.100590000000000000e+05 9.915619490000003866e-01 1.294982792500000146e-01
1.058320000000000000e+05 1.868773270000000097e-01 1.022678278250000128e+00
1.109900000000000000e+05 9.988353072499996932e-01 1.498989179999999921e-01
1.097870000000000000e+05 1.053194408999999832e+00 5.772414975000000198e-02
1.044430000000000000e+05 2.025887374999999491e-01 9.023731607500001806e-01
1.096980000000000000e+05 7.246850150000000435e-02 1.060585498500000279e+00
1.089220000000000000e+05 1.025715114250000282e+00 6.668532200000000520e-02
1.093440000000000000e+05 1.024415216750000246e+00 1.510738929999999869e-01
1.073810000000000000e+05 1.098823397749999931e+00 6.747935900000000264e-02
1.007720000000000000e+05 1.099106938500000075e+00 9.686979875000001350e-02
1.097070000000000000e+05 8.370414849999999185e-02 1.066006442750000227e+00
1.082700000000000000e+05 5.072654920000000400e-01 7.105037832499998540e-01
1.109210000000000000e+05 1.049316504999999955e+00 1.034139900000000112e-01
1.045510000000000000e+05 3.125179539999999867e-01 9.476178402500000653e-01
1.093530000000000000e+05 3.224852222499999255e-01 8.830101625000001953e-01
1.017020000000000000e+05 2.819267174999999792e-01 8.503285229999998363e-01
1.034210000000000000e+05 9.170817207500001622e-01 2.135996407499999861e-01
1.040810000000000000e+05 9.780398905000000642e-01 1.892278447499999849e-01
1.105930000000000000e+05 1.237976159500000284e+00 4.326985125000000487e-02
1.106770000000000000e+05 1.030809325000000110e+00 6.112171925000000478e-02
9.746200000000000000e+04 1.121536462750000185e+00 6.489441199999999854e-02
1.067460000000000000e+05 1.149445562749999761e+00 4.921693550000001000e-02
1.053680000000000000e+05 2.749021307499999178e-01 8.887470870000000467e-01
1.110080000000000000e+05 1.050354375000000395e+00 1.481404785000000057e-01
1.090760000000000000e+05 5.050304679999999546e-01 7.064680414999999769e-01
1.105710000000000000e+05 1.471258127499999735e-01 9.309861057499999593e-01
9.628700000000000000e+04 1.041360845499999854e+00 7.084978650000001155e-02
1.106520000000000000e+05 9.565028229999996690e-01 2.439156927499999683e-01
1.033740000000000000e+05 1.068788429499999859e+00 4.666880375000000136e-02
1.074330000000000000e+05 1.232995140499999698e+00 7.830936749999999752e-03
1.106370000000000000e+05 3.678434395000000912e-01 9.330029954999998765e-01
1.102550000000000000e+05 3.439026844999999444e-01 7.779816495000001497e-01
1.104720000000000000e+05 1.116380464250000148e+00 5.273366750000000464e-02
1.039270000000000000e+05 3.372789340000001412e-01 9.300702779999998615e-01
9.836600000000000000e+04 1.084028916749999683e+00 4.385993324999999665e-02
1.097930000000000000e+05 2.328451745000000295e-01 9.759451502499996156e-01
1.095300000000000000e+05 1.107646283999999648e+00 7.247742774999998971e-02
1.042900000000000000e+05 1.251627479250000174e+00 1.326690525000000058e-02
1.107470000000000000e+05 3.065319987499999232e-01 8.274590577500000599e-01
1.067630000000000000e+05 1.272947865000000067e-01 1.125079489250000453e+00
1.104800000000000000e+05 1.060501434249999875e+00 7.126759900000000092e-02
1.078240000000000000e+05 1.059020042999999855e+00 3.783472825000000483e-02
1.106600000000000000e+05 1.058734667249999983e+00 3.352043975000000564e-02
1.077950000000000000e+05 1.181386760999999730e+00 1.326772124999999955e-02
1.108220000000000000e+05 1.183873577499999330e+00 7.172148374999999521e-02
1.087200000000000000e+05 1.537755082499999704e-01 1.042345869500000077e+00
1.077660000000000000e+05 1.077612606500000236e+00 9.214857324999999044e-02
1.110340000000000000e+05 1.013687197250000338e+00 1.532644187499999922e-01
1.095690000000000000e+05 1.068256869750000115e+00 6.698472775000000046e-02
1.044200000000000000e+05 9.709966232500001349e-01 1.711844277500000067e-01
1.104310000000000000e+05 1.089515278250000607e+00 7.768939824999999966e-02
1.080920000000000000e+05 1.037981128750000037e+00 1.714807069999999822e-01
1.105570000000000000e+05 6.478518389999999849e-01 4.781601167500000304e-01
1.075340000000000000e+05 4.159376547499999410e-01 6.538428592499999636e-01
1.100640000000000000e+05 1.062464561749999925e+00 9.165655200000000224e-02
9.778100000000000000e+04 8.407001292499998168e-01 4.332927567499999522e-01
1.108680000000000000e+05 3.343070615000001133e-01 7.687879865000000201e-01
1.066020000000000000e+05 9.742441207499998868e-01 1.700949999999999962e-01
1.095950000000000000e+05 1.031334975500000306e+00 7.800850900000000365e-02
1.052050000000000000e+05 3.761475657500000236e-01 8.412533740000003313e-01
1.029530000000000000e+05 4.311244334999999039e-01 7.206353542499998044e-01
1.094820000000000000e+05 1.189968062750000222e+00 1.397617825000000043e-02
1.073250000000000000e+05 9.743178237500002004e-01 2.113111507499999819e-01
1.107120000000000000e+05 2.500206942499999530e-01 9.057838845000005801e-01
9.141200000000000000e+04 2.821497772500000112e-01 9.379427167499999607e-01
1.049800000000000000e+05 1.096780751249999852e+00 3.678017575000000483e-02
1.056510000000000000e+05 1.084277307250000044e+00 6.013177174999999319e-02
1.092180000000000000e+05 9.903406072500003932e-01 9.444167375000001030e-02
1.096200000000000000e+05 1.105520130750000440e+00 9.202715499999999937e-02
1.025290000000000000e+05 1.167240864749999441e+00 1.322832792499999965e-01
1.017010000000000000e+05 9.230127259999999501e-01 2.503635067499999645e-01
1.078100000000000000e+05 9.159925132500001954e-01 1.919612517500000060e-01
1.082550000000000000e+05 1.104857262499999715e+00 1.080801705000000168e-01
1.071360000000000000e+05 1.147301046499999977e+00 4.880223525000000617e-02
1.086270000000000000e+05 3.763431857499999755e-01 7.663311114999999951e-01
1.076770000000000000e+05 1.253187330000000266e+00 5.337907274999999924e-02
1.106500000000000000e+05 2.591139459999999284e-01 8.569257585000000788e-01
1.029640000000000000e+05 1.030909466000000219e+00 1.088285819999999932e-01
1.036330000000000000e+05 9.385727114999997678e-01 1.787121097500000144e-01
1.103170000000000000e+05 1.851619617499999926e-01 9.609137170000001671e-01
1.100850000000000000e+05 9.316493315000002884e-01 1.821008559999999776e-01
1.030410000000000000e+05 1.050383646500000268e+00 3.650993874999999833e-02
1.095340000000000000e+05 5.288913339999997687e-01 6.799258254999999140e-01
1.105910000000000000e+05 4.120593149999999816e-01 7.369701302500001328e-01
1.077820000000000000e+05 7.292508115000000402e-01 4.140040627500000681e-01
1.094220000000000000e+05 2.035604337500000194e-01 9.365333177499993722e-01
9.998300000000000000e+04 1.116461062000000171e+00 8.611680500000000460e-02
1.083230000000000000e+05 8.579195925000000500e-01 3.145782765000000314e-01
1.047050000000000000e+05 1.098561777749999857e+00 1.322383609999999987e-01
1.106310000000000000e+05 1.943046999999999969e-01 1.020166213499999808e+00
9.702900000000000000e+04 9.424633172499997658e-01 2.032081339999999847e-01
1.087850000000000000e+05 2.834994534999999427e-01 8.318570652499995832e-01
1.069740000000000000e+05 1.014397243750000399e+00 5.555517825000000354e-02
1.027230000000000000e+05 4.027039482500001100e-01 6.891378332499998871e-01
1.069440000000000000e+05 1.076650022750000435e+00 0.000000000000000000e+00
1.110330000000000000e+05 1.045105904000000141e+00 1.000295102499999950e-01
1.090780000000000000e+05 1.024297319000000428e+00 1.224152677500000008e-01
1.099500000000000000e+05 9.758676337499999631e-01 2.544312237500000462e-01
1.102670000000000000e+05 1.252096308249999623e+00 1.272248500000000082e-03
1.099010000000000000e+05 1.092619389999999413e+00 1.039082089999999875e-01
1.036260000000000000e+05 1.081028175250000167e+00 4.958168649999999955e-02
1.104530000000000000e+05 1.197600828500000381e+00 4.969730375000000477e-02
1.086930000000000000e+05 1.041859472750000126e+00 3.320150275000000040e-02
1.107100000000000000e+05 1.567500137500000001e-01 1.015701242249999803e+00
1.102410000000000000e+05 6.753798122500003220e-01 6.760042545000000125e-01
1.105670000000000000e+05 1.566148955000000176e-01 1.111139660250000105e+00
1.049600000000000000e+05 1.037874514749999699e+00 1.667539199999999722e-01
1.090950000000000000e+05 1.069287822000000387e+00 1.160803617500000134e-01
1.053910000000000000e+05 1.047082191999999523e+00 4.238731700000000074e-02
1.102400000000000000e+05 2.319733592500000108e-01 8.686229562500002999e-01
1.097250000000000000e+05 3.012377299999999952e-02 1.108439841499999634e+00
1.053320000000000000e+05 1.963653904999999311e-01 9.009061289999998889e-01
1.101590000000000000e+05 1.027353693500000054e+00 9.361651574999997616e-02
1.036810000000000000e+05 1.801881994999999514e-01 1.018305871749999980e+00
1.100600000000000000e+05 1.051277954499999945e+00 1.057547052499999973e-01
1.093090000000000000e+05 9.434807302500000104e-01 2.766523957499999464e-01
9.287300000000000000e+04 9.305151632499998327e-01 2.255473102500000770e-01
1.105690000000000000e+05 1.061718730500000207e+00 1.167167747500000019e-01
1.100610000000000000e+05 1.074725602250000023e+00 4.466140525000000111e-02
1.079580000000000000e+05 6.687854924999998563e-01 4.737652760000000129e-01
1.106670000000000000e+05 2.162109802499999900e-01 8.993168642500000143e-01
1.105980000000000000e+05 2.867751532500000256e-01 9.315496062499997176e-01
1.098800000000000000e+05 1.120406059499999829e+00 3.070087449999999926e-02
